0.00523900032043457
0.009900000095367432
0.009599999785423278
0.009900000095367432
0.00909999966621399
0.007295999526977539
0.008774999976158143
0.0042239993810653685
0.009918999671936036
0.0011639988422393799
0.009900000095367432
0.009919000267982482
0.018810999393463135
0.0057749998569488524
0.009900000095367432
0.006750999689102173
0.009983999729156494
0.0066360002756118775
0.008844000101089478
0.005375999808311462
0.0035999995470046998
0.0066360002756118775
0.0026040005683898924
0.008479000329971313
0.00996399998664856
0.009855999946594238
0.009323999881744385
0.00996399998664856
0.00863099992275238
0.009516000151634216
0.0075
0.009516000151634216
0.009215999841690064
0.00225600004196167
0.009991000294685365
0.009975000023841859
0.009984000325202943
0.005903999805450439
0.009855999946594238
0.0037589997053146364
0.007975000143051147
0.009991000294685365
0.005511000156402588
0.0075
0.009995999932289123
0.009599999785423278
0.01716600000858307
0.002943999171257019
0.002774999737739563
0.005375999808311462
0.0069749999046325685
0.0018999993801116944
0.0175900000333786
0.00840000033378601
0.008704000115394593
0.013563999533653259
0.003111000061035156
0.004523999691009521
0.0075
0.006399999856948852
0.008319000005722046
0.01
0.017774999737739564
0.0013510000705718994
0.00523900032043457
0.00974399983882904
0.009271000027656556
0.005903999805450439
0.00897599995136261
0.007696000337600708
0.009271000027656556
0.01
0.007790999412536621
0.007790999412536621
0.002603999972343445
0.004670999646186828
0.00863099992275238
0.005643999576568604
0.009711000323295593
0.009983999729156494
0.0035999995470046998
0.009271000027656556
0.01382699966430664
0.008479000329971313
0.0013510000705718994
0.009039000272750855
0.009423999786376954
0.008319000005722046
0.0057749998569488524
0.0013510000705718994
0.006750999689102173
0.00891099989414215
0.009271000027656556
0.009855999946594238
0.007790999412536621
0.006750999689102173
0.009830999970436096
0.004523999691009521
0.009803999662399292
0.009158999919891357
0.0065190005302429195
0.008774999976158143
0.009975000023841859
0.009879000186920166
0.00863099992275238
0.009599999785423278
0.0068639999628067015
0.009995999932289123
0.0018999993801116944
0.00909999966621399
0.008844000101089478
0.00999899983406067
0.008479000329971313
0.009323999881744385
0.009879000186920166
0.018974999785423278
0.01
0.009830999970436096
0.009919000267982482
0.005643999576568604
0.008555999994277953
0.0062790000438690185
0.009710999727249146
0.0073989999294281
0.002603999972343445
0.009638999700546264
0.008235999941825866
0.009983999729156494
0.006518999338150025
0.009323999881744385
0.007190999984741211
0.0068639999628067015
0.009990999698638916
0.00897599995136261
0.005238999128341675
0.007884000539779662
0.009995999932289123
0.009516000151634216
0.008235999941825866
0.009039000272750855
0.00523900032043457
0.00407099962234497
0.002774999737739563
0.005511000156402588
0.00897599995136261
0.005376000404357911
0.0073989999294281
0.0057749998569488524
0.008774999976158143
0.007975000143051147
0.009936000108718873
0.009271000027656556
0.004671000838279724
0.002943999171257019
0.009936000108718873
0.0031109994649887087
0.009323999881744385
0.005375999808311462
0.008555999994277953
0.00863099992275238
0.0024309998750686648
0.009991000294685365
0.0069749999046325685
0.008064000010490418
0.008774999976158143
0.009775000214576722
0.009423999786376954
0.00840000033378601
0.009599999785423278
0.0075
0.009423999786376954
0.0060309994220733645
0.00840000033378601
0.003276000022888184
0.004375
0.009995999932289123
0.0057749998569488524
0.009951000213623046
0.009158999919891357
0.004223999977111817
0.00769599974155426
0.009936000108718873
0.01
0.009991000294685365
0.009675999879837036
0.005903999805450439
0.00999899983406067
0.009271000027656556
0.003275999426841736
0.009638999700546264
0.009559000134468079
0.0066360002756118775
0.009990999698638916
0.002774999737739563
0.009039000272750855
0.02763100028038025
0.008319000005722046
0.009936000108718873
0.009936000108718873
0.0007839995622634888
0.007598999738693237
0.00999899983406067
0.006155999898910522
0.009804000258445739
0.004375
0.002774999737739563
0.009919000267982482
0.009775000214576722
0.009775000214576722
0.009855999946594238
0.009900000095367432
0.0077910000085830685
0.007975000143051147
0.003915999531745911
0.009271000027656556
0.004223999977111817
0.009423999786376954
0.009710999727249146
0.009675999879837036
0.008235999941825866
0.0018999993801116944
0.004854000210762024
0.01
0.007975000143051147
0.009516000151634216
0.009215999841690064
0.009991000294685365
0.008555999994277953
0.008319000005722046
0.009995999932289123
0.009423999786376954
0.008235999941825866
0.008844000101089478
0.0066360002756118775
0.004670999646186828
0.009710999727249146
0.009775000214576722
0.007295999526977539
0.008844000101089478
0.005511000156402588
0.00840000033378601
0.005903999805450439
0.01797500014305115
0.0069749999046325685
0.008844000101089478
0.009711000323295593
0.011576000452041626
0.0017189997434616088
0.008319000005722046
0.007295999526977539
0.01
0.009951000213623046
0.009775000214576722
0.009158999919891357
0.009323999881744385
0.007975000143051147
0.009375
0.00897599995136261
0.008704000115394593
0.009830999970436096
0.009215999841690064
0.009803999662399292
0.009900000095367432
0.0066360002756118775
0.002603999972343445
0.019623000025749206
0.009995999932289123
0.007975000143051147
0.009710999727249146
0.009919000267982482
0.009215999841690064
0.0026040005683898924
0.0035999995470046998
0.004523999691009521
0.022027000188827514
0.00863099992275238
0.009710999727249146
0.00863099992275238
0.009039000272750855
0.009559000134468079
0.009975000023841859
0.009803999662399292
0.008151000142097473
0.006399999856948852
0.00897599995136261
0.008555999994277953
0.009975000023841859
0.006750999689102173
0.009516000151634216
0.006518999338150025
0.007884000539779662
0.009995999932289123
0.009039000272750855
0.009936000108718873
0.009710999727249146
0.009323999881744385
0.009423999786376954
0.0062790000438690185
0.0066360002756118775
0.00897599995136261