OrderedDict([('layer1.weight', tensor([[-0.1460,  0.3156,  0.0206,  ...,  0.1986,  0.0597, -0.0395],
        [-0.1496,  0.3114, -0.2035,  ..., -0.1346,  0.0394,  0.2586],
        [ 0.2125,  0.2856, -0.0494,  ...,  0.0945,  0.0724, -0.0288],
        ...,
        [ 0.1586, -0.2814, -0.0259,  ...,  0.1899, -0.0193, -0.2684],
        [-0.1866,  0.1668, -0.0539,  ...,  0.0195,  0.1389,  0.1941],
        [-0.1575, -0.0549, -0.1916,  ...,  0.1846,  0.0916, -0.1758]],
       device='cuda:0')), ('layer1.bias', tensor([ 0.3703,  0.0188,  0.4183,  0.5081, -0.1799,  0.0719,  0.1651,  0.2118,
         0.4189,  0.2174,  0.1798,  0.3209,  0.0712, -0.0587,  0.2285,  0.0351,
         0.1115,  0.3020,  0.3179,  0.3204,  0.1498,  0.2923,  0.2506,  0.0875,
         0.5127,  0.1497,  0.0497, -0.1285, -0.1489,  0.2180, -0.1848,  0.0976,
        -0.1244, -0.3989,  0.1798,  0.2889, -0.2006,  0.0934,  0.4040,  0.1239,
         0.1047, -0.0100,  0.2842,  0.2970,  0.2541,  0.2897, -0.2380,  0.1402,
        -0.1797, -0.2014, -0.2009,  0.0852,  0.0142,  0.3190,  0.0169,  0.2136,
         0.4862, -0.1672,  0.0117,  0.1065,  0.1102,  0.2020,  0.0406,  0.0787,
         0.0243, -0.0834,  0.0135,  0.0805, -0.1987, -0.2751,  0.2596, -0.2129,
         0.3040, -0.0476,  0.1766,  0.0202,  0.0249,  0.3308,  0.0859, -0.0361,
         0.3005, -0.0438, -0.1834, -0.1763, -0.0771, -0.0297, -0.1696, -0.1453,
        -0.5006, -0.0069,  0.0520, -0.2363, -0.1768,  0.3877,  0.2119,  0.2320,
         0.4913,  0.2063,  0.2526,  0.3829,  0.2043, -0.3816,  0.1622,  0.0391,
         0.2414, -0.0642, -0.0530, -0.0322,  0.3570,  0.2170,  0.0313,  0.0716,
        -0.3375, -0.0762, -0.0246,  0.2335, -0.1008, -0.0457, -0.3495,  0.0898,
         0.2554,  0.2104, -0.1661,  0.1232, -0.0984,  0.1439,  0.0426, -0.1314],
       device='cuda:0')), ('last_layer.weight', tensor([[-0.0349,  0.0197,  0.1342,  0.0444, -0.1224, -0.0727,  0.0626, -0.1753,
          0.2152, -0.0655, -0.0351, -0.0172, -0.0367,  0.0362, -0.0293, -0.0253,
          0.0733,  0.0520,  0.0451,  0.0461, -0.0085,  0.0842,  0.0553,  0.0827,
          0.0461,  0.0499, -0.1163, -0.2227,  0.1428,  0.1146,  0.0376, -0.0242,
         -0.0831,  0.0545,  0.0690,  0.1297, -0.0721,  0.0907,  0.0674,  0.0896,
          0.2395,  0.1291, -0.0231,  0.0139,  0.0039, -0.0795, -0.1293, -0.0581,
          0.0660, -0.3457,  0.0405,  0.0565,  0.0559,  0.0235,  0.1902,  0.0594,
          0.1159,  0.0318, -0.0287,  0.0110, -0.0919,  0.1302, -0.0252,  0.0009,
          0.3544,  0.0392,  0.1153, -0.1814, -0.0185,  0.0327,  0.0656, -0.1604,
          0.1302,  0.0548, -0.0114,  0.1477,  0.0658,  0.0496,  0.1432,  0.1873,
          0.0613,  0.0193, -0.0267,  0.0238,  0.0160,  0.0288, -0.0347, -0.0890,
         -0.0440,  0.0433, -0.0859, -0.1128,  0.0114,  0.0874, -0.0193, -0.0238,
         -0.0125,  0.1185,  0.0660,  0.2136, -0.0044,  0.1206,  0.0613,  0.0289,
          0.1121, -0.0086, -0.0315, -0.0057,  0.1079,  0.0423,  0.0349,  0.1095,
         -0.0395,  0.0560, -0.0388,  0.1453,  0.0812,  0.1288, -0.2021,  0.2172,
         -0.0303,  0.2533,  0.1054, -0.0824,  0.0648,  0.0599,  0.0722,  0.0987],
        [-0.0330, -0.0078,  0.1347,  0.2394,  0.0242,  0.1006, -0.0009,  0.0387,
         -0.0113, -0.0173,  0.0602,  0.1235,  0.0318,  0.0979,  0.1453, -0.0294,
         -0.0334,  0.0669, -0.0476, -0.0796, -0.0798, -0.0675,  0.1462, -0.0250,
         -0.2159,  0.1279,  0.0328,  0.0131, -0.0754, -0.0065,  0.0755, -0.1095,
          0.1935,  0.0445, -0.0416,  0.0694, -0.0200, -0.0431,  0.0724,  0.1180,
          0.0537,  0.0803, -0.0480,  0.1028,  0.0548,  0.0967, -0.0403,  0.1579,
          0.0083,  0.3057, -0.0345,  0.0784,  0.0570, -0.0933, -0.1324,  0.0891,
          0.0054,  0.0192,  0.0266,  0.0798,  0.0750,  0.0099, -0.0383,  0.0098,
         -0.2879, -0.0576,  0.0736,  0.1695,  0.0092, -0.0609,  0.2692,  0.1895,
         -0.3602, -0.1007,  0.0817,  0.0530, -0.1011,  0.0535,  0.0826,  0.3147,
         -0.3711,  0.0502,  0.1394, -0.0855,  0.1469,  0.1807,  0.0787, -0.0132,
          0.2416, -0.0673,  0.0600, -0.1050,  0.0035,  0.0330, -0.0447, -0.0257,
          0.0438,  0.0379,  0.0070, -0.0540, -0.0708,  0.1463,  0.2482, -0.1113,
          0.0455,  0.1425, -0.0443,  0.2761,  0.1547,  0.0147,  0.0710,  0.1007,
         -0.0441,  0.0306,  0.0068,  0.0937,  0.1946,  0.1093, -0.1076,  0.1260,
          0.1007,  0.0203, -0.0442,  0.0207, -0.0695, -0.0092,  0.0789,  0.2302]],
       device='cuda:0')), ('last_layer.bias', tensor([0.2618, 0.2020], device='cuda:0'))])