OrderedDict([('layer1.weight', tensor([[-0.1150,  0.1684,  0.2129,  ...,  0.0242,  0.0201, -0.0052],
        [ 0.1935, -0.2602, -0.2622,  ..., -0.1726,  0.2297, -0.0618],
        [ 0.0961,  0.0005, -0.0379,  ..., -0.1691, -0.0994, -0.2200],
        ...,
        [-0.0708,  0.2427, -0.0387,  ..., -0.0657,  0.1915,  0.2507],
        [-0.1331,  0.2404,  0.2569,  ..., -0.0203,  0.2829,  0.3149],
        [-0.1952,  0.0556, -0.1395,  ...,  0.0970, -0.2247, -0.0216]])), ('layer1.bias', tensor([-0.0079, -0.0109, -0.0013,  0.6465, -0.0643,  0.2707,  0.3966,  0.5620,
         0.1440, -0.1988,  0.4173,  0.0112,  0.2672, -0.1812,  0.3344,  0.1023,
        -0.2739, -0.0923,  0.2289, -0.3787,  0.1522,  0.0864,  0.0111, -0.1812,
         0.5363, -0.4845, -0.3853,  0.3460, -0.0017, -0.3827, -0.2716,  0.0594,
         0.0171,  0.1132,  0.3847,  0.0861, -0.0110, -0.3006,  0.2070, -0.0886,
        -0.1101,  0.1095, -0.0679,  0.0404,  0.0788, -0.1089,  0.1800,  0.2494,
        -0.4423,  0.2492, -0.0805, -0.3852,  0.0434, -0.2680, -0.1637, -0.0185,
         0.2010, -0.2241,  0.2853, -0.0520,  0.1857, -0.0520,  0.3037, -0.4383,
        -0.1636,  0.4021, -0.4426,  0.5612, -0.4885,  0.5940, -0.0835, -0.2386,
        -0.1624,  0.0803,  0.0096,  0.4654, -0.2939, -0.2010,  0.0066, -0.3327,
         0.4789, -0.1905,  0.3298,  0.2778, -0.2211,  0.4160, -0.0608, -0.1557,
         0.1431,  0.4825,  0.0805,  0.1867,  0.5437,  0.0136,  0.2717,  0.6916,
         0.7193,  0.0617,  0.1956, -0.1002,  0.3377,  0.6338,  0.1497,  0.6848,
        -0.4030, -0.2620, -0.4913, -0.1387, -0.0509,  0.7345, -0.0691,  0.3593,
         0.7286, -0.4080, -0.0978,  0.2135, -0.1444,  0.0121, -0.1019, -0.2428,
         0.6157,  0.3642,  0.0184,  0.8684,  0.3682,  0.6956,  0.0322, -0.2053])), ('last_layer.weight', tensor([[-0.2251,  0.1645,  0.5087,  0.4991, -0.0254, -0.0715, -0.0513,  0.0475,
         -0.0318,  0.0626,  0.0667,  0.0728,  0.1486, -0.0607,  0.0668,  0.0899,
          0.0293,  0.0152,  0.0294,  0.0742, -0.0938,  0.0335,  0.1263,  0.0645,
          0.0949,  0.1704,  0.1945, -0.0472,  0.1452,  0.0893,  0.4385,  0.1228,
          0.0267,  0.3929,  0.0517, -0.1842, -0.0311,  0.0426, -0.0818, -0.2091,
         -0.0379,  0.0262,  0.0976,  0.0386, -0.0515, -0.0401,  0.0973,  0.2790,
         -0.0496, -0.0036,  0.4099,  0.0763,  0.3205,  0.2021,  0.1947,  0.1974,
          0.0950,  0.0656, -0.0597,  0.1872, -0.0227,  0.2152,  0.1872,  0.0850,
          0.4924,  0.2837,  0.1149,  0.0083, -0.0399,  0.1352,  0.3591, -0.0798,
          0.2542,  0.1789,  0.4211,  0.3910,  0.2426,  0.0592,  0.1424,  0.3289,
          0.0580,  0.2316,  0.0626,  0.1336, -0.0929,  0.1642, -0.0347,  0.0500,
          0.1270,  0.0409,  0.0910,  0.0808,  0.4425,  0.1112, -0.0937, -0.0223,
          0.1216,  0.1574, -0.0254,  0.2248,  0.0655,  0.1204,  0.1555,  0.2016,
          0.0203,  0.3318,  0.0960, -0.0127,  0.0886,  0.0673, -0.0486,  0.0699,
          0.1000,  0.2330,  0.1148,  0.0751,  0.3395,  0.1913,  0.0708,  0.0370,
          0.5050,  0.1913,  0.2651,  0.0593,  0.0707,  0.0775,  0.4297, -0.0715],
        [ 0.1647,  0.0267,  0.2674,  0.6165,  0.1560,  0.0845, -0.0804,  0.0199,
          0.0566,  0.2314, -0.0575, -0.0156,  0.1933, -0.0786, -0.0548,  0.2436,
         -0.0624,  0.0722, -0.1261,  0.2047,  0.0393,  0.1786,  0.0709, -0.0022,
          0.1276,  0.0846,  0.2803, -0.0362, -0.1707,  0.0291,  0.1812,  0.1808,
          0.1588,  0.2491,  0.0521, -0.0054,  0.0110,  0.0252, -0.1220,  0.1601,
          0.1564,  0.0049,  0.2556, -0.0173,  0.1198,  0.0171,  0.0498,  0.3601,
          0.0716,  0.1135,  0.1162, -0.0530,  0.1149,  0.0926,  0.2337,  0.0907,
          0.1457,  0.3683, -0.0362, -0.2219, -0.0426,  0.3176,  0.0296, -0.0617,
          0.2731,  0.2106,  0.1908,  0.4263, -0.0475, -0.0044,  0.4894,  0.0739,
          0.2229,  0.0879, -0.0603,  0.1534,  0.0299,  0.0220,  0.1233,  0.3865,
          0.0716,  0.2045,  0.0510,  0.1567,  0.2477, -0.0715,  0.0135,  0.1760,
          0.0389,  0.1044,  0.1429,  0.0980,  0.2192,  0.1445,  0.0971,  0.0043,
          0.0497, -0.0238, -0.0704,  0.2207, -0.0425,  0.2023,  0.1383,  0.1553,
         -0.0846,  0.2603,  0.1201,  0.0878,  0.0395,  0.1392,  0.0208,  0.6002,
          0.0346,  0.4013,  0.2362,  0.0046,  0.2579,  0.1282,  0.0650, -0.0496,
         -0.0323,  0.2640,  0.1894, -0.0883,  0.1055,  0.2037,  0.4888,  0.0373]])), ('last_layer.bias', tensor([0.2375, 0.2657]))])