OrderedDict([('layer1.weight', tensor([[ 0.1942, -0.2186,  0.1513,  ...,  0.0714, -0.0161,  0.0729],
        [-0.1112, -0.1573,  0.1467,  ..., -0.1335,  0.2636, -0.2048],
        [ 0.2199,  0.3191,  0.3173,  ..., -0.2117,  0.1558, -0.1518],
        ...,
        [-0.1391,  0.0978, -0.1874,  ..., -0.2043,  0.0987, -0.2545],
        [-0.1623, -0.1060, -0.1066,  ...,  0.0842, -0.0559,  0.0272],
        [ 0.1680,  0.2212,  0.2456,  ...,  0.2634,  0.1832,  0.2839]])), ('layer1.bias', tensor([ 0.0170, -0.3013,  0.3243,  0.2812, -0.1170,  0.1850, -0.5889,  0.4919,
         0.6589,  0.8600, -0.0245,  0.4219,  0.7232,  0.8053,  0.3339, -0.5230,
        -0.2456, -0.2859,  0.0954, -0.2067,  0.2412, -0.3404,  0.7357, -0.2449,
        -0.0642,  0.4824,  0.4525, -0.0771, -0.1472, -0.0967, -0.3653, -0.2832,
        -0.0775,  0.3685,  0.0347, -0.1091, -0.2109,  0.0969, -0.0129, -0.0997,
         0.6328,  0.1408,  0.2387,  0.3457, -0.1355,  0.0754, -0.3479, -0.0699,
         0.5093, -0.0652, -0.0808,  0.6431, -0.5976,  0.0032,  0.4998,  0.5977,
         0.2212, -0.0970, -0.3219,  0.1370,  0.2927, -0.3593,  0.5572,  0.2268,
         0.3046,  0.1248, -0.1488,  0.0028, -0.4432,  0.4385,  0.2849, -0.2399,
         0.2121, -0.1359,  0.0351,  0.3388, -0.4076,  0.7902,  0.1734,  1.0548,
         0.1558, -0.1056, -0.1070,  0.0534, -0.1335, -0.1635,  0.5819,  1.0136,
         0.2971,  0.1433,  0.1081, -0.0322,  0.8820,  0.1356, -0.0388, -0.0678,
         0.2645,  0.0541,  0.8236,  0.6744,  0.0909,  0.0178,  0.3784,  0.6051,
        -0.0114,  0.2926,  0.2075,  0.3230,  0.8275, -0.1354, -0.4793,  0.4161,
        -0.1712,  0.4063, -0.0250, -0.1453,  0.0854,  0.5507, -0.1213, -0.4273,
         0.1825,  0.0028,  0.8427,  0.4076,  0.0587,  0.1553, -0.0790,  0.8129])), ('last_layer.weight', tensor([[ 3.1628e-02,  1.7087e-02,  1.0907e-01,  3.9413e-02,  2.3683e-01,
          1.2752e-01,  1.3074e-01,  1.1796e-01, -7.1298e-02,  2.6075e-02,
          1.8329e-01, -2.1486e-01,  9.7301e-02, -2.1662e-02, -1.2935e-01,
          1.8862e-01,  5.9734e-01,  1.8531e-01,  4.4843e-01,  1.3418e-01,
          1.6154e-01,  5.8778e-02,  4.9229e-01,  6.7836e-01,  1.6212e-01,
          1.2022e-01,  4.6496e-01,  1.4276e-01,  6.0541e-02,  7.0523e-02,
          4.2365e-01, -2.7903e-01,  2.7502e-01,  1.9312e-01,  1.3422e-01,
         -6.6499e-03, -1.2881e-01, -2.5278e-02,  4.1719e-01,  9.9145e-02,
         -2.7079e-02,  4.5077e-02,  6.0241e-02,  2.5887e-01,  9.1413e-02,
          1.2173e-01, -1.1401e-04,  9.6578e-02,  2.5262e-01,  4.6717e-02,
          6.2753e-03, -1.9474e-02,  1.2942e-02,  3.9200e-01, -9.8464e-03,
          4.4099e-02,  4.5206e-01,  9.3949e-01,  1.2333e-01,  1.6852e-01,
          5.1919e-02,  6.9257e-02, -5.5997e-02, -3.0930e-01,  6.5893e-02,
          3.1754e-02,  1.1448e-02,  2.6027e-01, -5.0849e-02, -6.6564e-02,
          2.0904e-01,  2.8351e-02,  3.1038e-02,  6.7674e-02,  1.9872e-01,
          7.0252e-02, -5.9686e-02, -2.9185e-02, -2.8644e-02,  2.5707e-01,
         -2.4082e-01, -1.6477e-02,  6.6123e-02,  8.5162e-02,  5.3556e-02,
         -8.7821e-02,  9.7132e-02,  8.4910e-02,  8.5800e-02,  8.2672e-02,
          2.5645e-01,  1.2311e-01,  1.3786e-01,  2.6164e-02, -4.8091e-01,
          1.6196e-01,  6.8724e-04,  2.0049e-01, -2.5555e-02,  3.7604e-01,
          3.9810e-01,  4.6159e-03,  3.3040e-01,  1.4102e-01, -7.6921e-02,
          2.9448e-02,  5.7870e-02,  2.3511e-01, -6.4868e-02,  3.9615e-01,
          6.7229e-02,  3.4372e-01, -1.1217e-01,  2.3025e-01,  2.4095e-01,
          4.9714e-02, -2.6318e-01,  3.3002e-01,  5.8389e-02, -5.6739e-02,
          1.3929e-01, -1.3545e-01, -5.3320e-02,  5.6064e-02, -5.0730e-02,
          7.4748e-02,  1.3390e-01,  1.2464e-01],
        [ 5.4757e-02, -1.5078e-01,  5.2493e-02,  5.4690e-02, -2.1289e-01,
          1.2955e-01,  3.7321e-02, -2.1680e-02, -2.3506e-02,  1.4405e-01,
          2.2040e-01,  1.9267e-01,  1.0529e-01,  5.0046e-02,  1.0654e-01,
          2.3788e-01,  2.2290e-01,  1.0109e-01,  2.7372e-01,  1.3009e-01,
          2.3434e-01,  2.1385e-01,  4.5225e-01,  4.6235e-01,  3.4112e-01,
          7.2842e-02,  5.5359e-01,  2.7859e-01,  2.2691e-01, -3.0466e-02,
          2.4034e-02,  3.4475e-01,  1.0904e-01,  1.0455e-01,  1.3938e-01,
          8.7395e-02,  1.9010e-01,  9.0311e-02,  1.9638e-01,  5.5021e-02,
         -1.9887e-03,  7.4197e-02, -7.8799e-02, -1.3643e-02,  5.6040e-02,
          2.2789e-01, -5.8210e-02, -2.5668e-01, -1.5702e-02,  1.0501e-01,
          6.6321e-02,  5.4340e-02,  2.0456e-02,  5.3748e-01, -1.4096e-01,
          3.0036e-02,  7.3387e-01, -3.0938e-02,  1.7028e-01,  3.6893e-01,
          5.4004e-02,  1.2095e-01,  1.1241e-03,  3.7821e-01,  1.0053e-01,
          3.4631e-01, -1.8770e-02,  1.3781e-01, -5.4502e-02,  8.2067e-03,
          9.0154e-02,  4.8669e-03,  7.5110e-02, -2.2868e-02,  2.8127e-01,
         -7.1881e-02,  2.4848e-02,  6.5955e-02,  4.2743e-02,  1.4741e-01,
          7.0912e-01, -2.4905e-01,  1.0033e-02,  3.6882e-02,  1.0061e-01,
         -5.5793e-02,  6.3533e-02,  6.6250e-02, -7.9838e-02, -6.2531e-02,
          5.2669e-02, -3.0801e-01,  1.1122e-01, -7.7749e-02,  6.3954e-01,
         -1.9563e-02, -2.9027e-01, -1.1593e-01, -4.7204e-02,  8.3967e-02,
          5.5779e-01, -1.0412e-02,  1.5368e-01,  3.2391e-02, -5.0119e-02,
          1.6053e-01,  9.7549e-02,  4.3672e-01,  8.6989e-02,  9.8384e-02,
          2.0539e-01, -8.1025e-02,  9.2233e-02, -1.4393e-05,  3.2361e-01,
          1.1206e-01,  5.5350e-01, -3.3073e-02,  3.5284e-02,  1.0147e-01,
          1.3939e-01, -3.1410e-02,  8.5829e-02, -1.5456e-01,  5.6390e-02,
         -3.5025e-03,  1.1173e-01, -7.9640e-02]])), ('last_layer.bias', tensor([0.1395, 0.5027]))])