tensor([[65.2544],
        [61.7652],
        [50.4004],
        [52.8888],
        [62.4784],
        [64.7535],
        [57.9416],
        [59.6730],
        [62.5367],
        [63.3117],
        [65.5198],
        [63.1473],
        [51.1049],
        [58.9681],
        [66.9482],
        [67.3372],
        [65.4873],
        [59.5532],
        [51.4601],
        [60.2990],
        [62.1144],
        [62.9872],
        [62.7122],
        [56.6153],
        [41.1376],
        [66.1869],
        [60.8350],
        [63.3212],
        [61.0719],
        [61.2205],
        [58.6467],
        [68.5221],
        [62.1337],
        [66.0362],
        [58.7831],
        [63.8059],
        [51.7185],
        [60.7655],
        [48.5661],
        [60.3342],
        [59.7853],
        [63.6083],
        [62.6108],
        [59.9345],
        [64.2681],
        [63.5836],
        [66.9361],
        [58.5907],
        [64.2304],
        [64.2497],
        [65.6547],
        [53.7077],
        [62.0288],
        [65.4693],
        [62.5467],
        [63.1314],
        [65.4956],
        [67.0209],
        [65.2715],
        [67.6863],
        [64.5399],
        [63.3904],
        [46.2430],
        [59.5687],
        [60.9397],
        [62.0039],
        [62.9156],
        [65.6241],
        [64.8631],
        [66.6898],
        [51.8445],
        [62.8592],
        [64.9066],
        [57.8657],
        [68.3775],
        [64.4039],
        [62.0428],
        [47.3609],
        [62.1734],
        [62.1661],
        [65.3574],
        [61.6436],
        [67.2041],
        [59.0138],
        [54.4958],
        [65.7689],
        [64.7085],
        [64.0538],
        [61.6741],
        [67.3069],
        [64.9159],
        [61.2979],
        [66.5956],
        [69.3103],
        [61.5667],
        [53.4414],
        [68.5078],
        [55.3376],
        [67.5343],
        [66.9322],
        [60.7739],
        [53.1536],
        [61.3097],
        [54.5601],
        [63.7436],
        [66.7748],
        [65.4814],
        [59.4196],
        [61.7144],
        [59.6087],
        [59.1300],
        [58.2417],
        [66.6430],
        [54.4765],
        [61.7005],
        [54.9500],
        [56.8365],
        [47.6974],
        [60.2240],
        [62.3724],
        [61.9804],
        [55.7628],
        [56.3429],
        [64.6893],
        [64.6915],
        [62.2109],
        [64.4018],
        [56.0370]], grad_fn=<GatherBackward0>)