tesensor([[-2.3534e+00,  4.0260e-03,  9.6866e-02, -5.3114e+00,  1.0000e+00,
          9.0909e-02,  1.4286e-01,  1.5228e-02,  9.9266e-02, -4.7736e-02,
          1.1923e-01,  9.5442e-01, -4.2179e+00,  0.0000e+00,  1.0000e+00,
          1.8881e-01,  7.2335e-01,  3.3317e-01]], device='cuda:0')
tensor([[1]], device='cuda:0')
1
tensor([[-0.1506,  0.1972,  0.8604, -5.3155,  0.0000,  0.9091,  0.1493,  0.6777,
          0.5269, -0.0356,  0.4829,  0.9658, -5.3197,  0.0000,  1.0000,  0.1884,
          0.7386,  0.5889]], device='cuda:0')
tensor([[1]], device='cuda:0')
2
tensor([[-0.1647,  0.1763,  0.8462, -5.3135,  0.0000,  0.8182,  0.1988,  0.8147,
          0.6200, -0.0356,  0.4829,  0.9658, -5.3197,  0.0000,  1.0000,  0.1884,
          0.7386,  0.5889]], device='cuda:0')
tensor([[0]], device='cuda:0')
3
tensor([[-4.8514e-05,  2.4992e-01,  1.0000e+00, -5.3155e+00,  0.0000e+00,
          1.0000e+00,  1.5961e-01,  7.7665e-01,  5.9612e-01, -3.5572e-02,
          4.8289e-01,  9.6581e-01, -5.3197e+00,  0.0000e+00,  1.0000e+00,
          1.8836e-01,  7.3858e-01,  5.8887e-01]], device='cuda:0')
tensor([[0]], device='cuda:0')
4
tensor([[-1.2506,  0.0487,  0.2906, -5.3162,  1.0000,  0.2727,  0.1235,  0.2030,
          0.4983, -0.0356,  0.4829,  0.9658, -5.3197,  0.0000,  1.0000,  0.1884,
          0.7386,  0.5889]], device='cuda:0')
tensor([[1]], device='cuda:0')
5
tensor([[-0.0818,  0.2109,  0.9202, -5.3142,  0.0000,  0.9091,  0.1834,  0.7310,
          0.4717, -0.0356,  0.4829,  0.9658, -5.3197,  0.0000,  1.0000,  0.1884,
          0.7386,  0.5889]], device='cuda:0')
tensor([[1]], device='cuda:0')
6
tensor([[-0.1922,  0.3432,  0.8234, -5.3169,  0.0000,  0.8182,  0.1760,  0.6320,
          0.5751, -0.0356,  0.4829,  0.9658, -5.3197,  0.0000,  1.0000,  0.1884,
          0.7386,  0.5889]], device='cuda:0')
tensor([[1]], device='cuda:0')
7
tensor([[-0.1341,  0.1998,  0.8718, -5.3155,  0.0000,  0.9091,  0.1457,  0.9036,
          0.5945, -0.0356,  0.4829,  0.9658, -5.3197,  0.0000,  1.0000,  0.1884,
          0.7386,  0.5889]], device='cuda:0')
tensor([[0]], device='cuda:0')
8
tensor([[-0.2284,  0.1656,  0.7949, -5.3155,  0.0000,  0.8182,  0.2222,  0.7513,
          0.6138, -0.0356,  0.4829,  0.9658, -5.3197,  0.0000,  1.0000,  0.1884,
          0.7386,  0.5889]], device='cuda:0')
tensor([[1]], device='cuda:0')
9
tensor([[-0.0356,  0.4829,  0.9658, -5.3197,  0.0000,  1.0000,  0.1884,  0.7386,
          0.5889, -0.0356,  0.4829,  0.9658, -5.3197,  0.0000,  1.0000,  0.1884,
          0.7386,  0.5889]], device='cuda:0')
tensor([[0]], device='cuda:0')
10
tensor([[-0.2103,  0.1686,  0.8091, -5.3045,  0.0000,  0.8182,  0.2145,  0.7665,
          0.6195, -0.0356,  0.4829,  0.9658, -5.3197,  0.0000,  1.0000,  0.1884,
          0.7386,  0.5889]], device='cuda:0')
tensor([[0]], device='cuda:0')
11
tensor([[-0.2281,  0.1656,  0.7949, -4.6276,  0.0000,  0.8182,  0.1647,  0.6294,
          0.4983, -0.0356,  0.4829,  0.9658, -5.3197,  0.0000,  1.0000,  0.1884,
          0.7386,  0.5889]], device='cuda:0')
tensor([[1]], device='cuda:0')
12
tensor([[-0.0821,  0.2109,  0.9202, -5.3155,  0.0000,  0.9091,  0.2165,  0.8883,
          0.6244, -0.0356,  0.4829,  0.9658, -5.3197,  0.0000,  1.0000,  0.1884,
          0.7386,  0.5889]], device='cuda:0')
tensor([[0]], device='cuda:0')
13
tensor([[-0.2028,  0.3396,  0.8148, -6.1827,  0.0000,  0.8182,  0.1587,  0.6371,
          0.6066, -0.0356,  0.4829,  0.9658, -5.3197,  0.0000,  1.0000,  0.1884,
          0.7386,  0.5889]], device='cuda:0')
tensor([[1]], device='cuda:0')
14
tensor([[-0.0298,  0.2428,  0.9715, -5.3142,  0.0000,  1.0000,  0.1966,  0.8883,
          0.4743, -0.0356,  0.4829,  0.9658, -5.3197,  0.0000,  1.0000,  0.1884,
          0.7386,  0.5889]], device='cuda:0')
tensor([[0]], device='cuda:0')
15
tensor([[-0.1042,  0.4127,  0.9003, -5.3169,  0.0000,  0.9091,  0.1606,  0.6929,
          0.5664, -0.0356,  0.4829,  0.9658, -5.3197,  0.0000,  1.0000,  0.1884,
          0.7386,  0.5889]], device='cuda:0')
tensor([[1]], device='cuda:0')
16
tensor([[-0.1819,  0.3468,  0.8319, -5.3253,  0.0000,  0.8182,  0.2104,  0.7817,
          0.6200, -0.0356,  0.4829,  0.9658, -5.3197,  0.0000,  1.0000,  0.1884,
          0.7386,  0.5889]], device='cuda:0')
tensor([[0]], device='cuda:0')
17
tensor([[-0.0671,  0.2148,  0.9373, -4.7512,  0.0000,  0.9091,  0.2266,  0.8376,
          0.6064, -0.0356,  0.4829,  0.9658, -5.3197,  0.0000,  1.0000,  0.1884,
          0.7386,  0.5889]], device='cuda:0')
tensor([[0]], device='cuda:0')
18
tensor([[-0.1374,  0.1991,  0.8689, -5.3155,  0.0000,  0.9091,  0.2169,  0.8401,
          0.4988, -0.0356,  0.4829,  0.9658, -5.3197,  0.0000,  1.0000,  0.1884,
          0.7386,  0.5889]], device='cuda:0')
tensor([[0]], device='cuda:0')
19
tensor([[-0.2209,  0.1668,  0.8006, -5.3148,  0.0000,  0.8182,  0.1885,  0.6168,
          0.5627, -0.0356,  0.4829,  0.9658, -5.3197,  0.0000,  1.0000,  0.1884,
          0.7386,  0.5889]], device='cuda:0')
tensor([[1]], device='cuda:0')
20
tensor([[-0.1506,  0.1972,  0.8604, -5.3155,  0.0000,  0.9091,  0.2706,  0.6447,
          0.6073, -0.0356,  0.4829,  0.9658, -5.3197,  0.0000,  1.0000,  0.1884,
          0.7386,  0.5889]], device='cuda:0')
tensor([[1]], device='cuda:0')
21
tensor([[-0.0449,  0.2393,  0.9573, -5.3128,  1.0000,  1.0000,  0.2016,  0.9543,
          0.6058, -0.0356,  0.4829,  0.9658, -5.3197,  0.0000,  1.0000,  0.1884,
          0.7386,  0.5889]], device='cuda:0')
tensor([[1]], device='cuda:0')
22
tensor([[-0.0416,  0.2400,  0.9601, -5.3142,  0.0000,  1.0000,  0.1546,  0.7360,
          0.5664, -0.0356,  0.4829,  0.9658, -5.3197,  0.0000,  1.0000,  0.1884,
          0.7386,  0.5889]], device='cuda:0')
tensor([[0]], device='cuda:0')
23
tensor([[-1.4531,  0.0785,  0.2336, -5.3316,  0.0000,  0.2727,  0.0575,  0.2183,
          0.3494, -0.0356,  0.4829,  0.9658, -5.3197,  0.0000,  1.0000,  0.1884,
          0.7386,  0.5889]], device='cuda:0')
tensor([[1]], device='cuda:0')
24
tensor([[-0.2542,  0.1615,  0.7749, -4.6276,  0.0000,  0.8182,  0.2727,  0.6396,
          0.6078, -0.0356,  0.4829,  0.9658, -5.3197,  0.0000,  1.0000,  0.1884,
          0.7386,  0.5889]], device='cuda:0')
tensor([[1]], device='cuda:0')
25
tensor([[-0.2102,  0.1686,  0.8091, -5.3045,  0.0000,  0.8182,  0.2167,  0.7589,
          0.6200, -0.0356,  0.4829,  0.9658, -5.3197,  0.0000,  1.0000,  0.1884,
          0.7386,  0.5889]], device='cuda:0')
tensor([[0]], device='cuda:0')
26
tensor([[-0.1646,  0.1763,  0.8462, -5.3135,  0.0000,  0.8182,  0.2082,  0.8020,
          0.6138, -0.0356,  0.4829,  0.9658, -5.3197,  0.0000,  1.0000,  0.1884,
          0.7386,  0.5889]], device='cuda:0')
tensor([[0]], device='cuda:0')
27
tensor([[-0.2247,  0.1662,  0.7977, -5.3148,  0.0000,  0.8182,  0.2162,  0.7487,
          0.6097, -0.0356,  0.4829,  0.9658, -5.3197,  0.0000,  1.0000,  0.1884,
          0.7386,  0.5889]], device='cuda:0')
tensor([[1]], device='cuda:0')
28
tensor([[-1.4285,  0.0200,  0.2393, -5.3155,  1.0000,  0.2727,  0.1765,  0.1269,
          0.3332, -0.0356,  0.4829,  0.9658, -5.3197,  0.0000,  1.0000,  0.1884,
          0.7386,  0.5889]], device='cuda:0')
tensor([[1]], device='cuda:0')
29
tensor([[-0.1142,  0.2037,  0.8889, -5.3093,  0.0000,  0.9091,  0.1988,  0.8401,
          0.6138, -0.0356,  0.4829,  0.9658, -5.3197,  0.0000,  1.0000,  0.1884,
          0.7386,  0.5889]], device='cuda:0')
tensor([[0]], device='cuda:0')
30
tensor([[-0.1960,  0.1710,  0.8205, -5.3155,  0.0000,  0.8182,  0.2110,  0.7792,
          0.6195, -0.0356,  0.4829,  0.9658, -5.3197,  0.0000,  1.0000,  0.1884,
          0.7386,  0.5889]], device='cuda:0')
tensor([[0]], device='cuda:0')
31
tensor([[-0.1509,  0.1965,  0.8575, -5.3155,  0.0000,  0.9091,  0.2043,  0.8173,
          0.6195, -0.0356,  0.4829,  0.9658, -5.3197,  0.0000,  1.0000,  0.1884,
          0.7386,  0.5889]], device='cuda:0')
tensor([[0]], device='cuda:0')
32
tensor([[-0.1694,  0.3515,  0.8433, -5.9364,  0.0000,  0.8182,  0.2600,  0.6320,
          0.6050, -0.0356,  0.4829,  0.9658, -5.3197,  0.0000,  1.0000,  0.1884,
          0.7386,  0.5889]], device='cuda:0')
tensor([[1]], device='cuda:0')
33
tensor([[-0.0547,  0.9489,  0.9487, -9.3297,  1.0000,  1.0000,  0.6603,  0.3934,
          0.5485, -0.0356,  0.4829,  0.9658, -5.3197,  0.0000,  1.0000,  0.1884,
          0.7386,  0.5889]], device='cuda:0')
tensor([[1]], device='cuda:0')
34
tensor([[-2.3238,  0.0084,  0.0997, -5.3169,  1.0000,  0.0909,  0.3636,  0.0254,
          0.1318, -0.0356,  0.4829,  0.9658, -5.3197,  0.0000,  1.0000,  0.1884,
          0.7386,  0.5889]], device='cuda:0')
tensor([[1]], device='cuda:0')
35
tensor([[-0.2430,  0.1633,  0.7835, -5.3148,  0.0000,  0.8182,  0.2720,  0.6599,
          0.5151, -0.0356,  0.4829,  0.9658, -5.3197,  0.0000,  1.0000,  0.1884,
          0.7386,  0.5889]], device='cuda:0')
tensor([[1]], device='cuda:0')
36
tensor([[-0.1340,  0.3997,  0.8718, -5.3162,  0.0000,  0.9091,  0.2092,  0.8832,
          0.6058, -0.0356,  0.4829,  0.9658, -5.3197,  0.0000,  1.0000,  0.1884,
          0.7386,  0.5889]], device='cuda:0')
tensor([[0]], device='cuda:0')
37
tensor([[-0.7310,  0.0596,  0.4758, -5.3155,  1.0000,  0.4545,  0.1587,  0.3173,
          0.3090, -0.0356,  0.4829,  0.9658, -5.3197,  0.0000,  1.0000,  0.1884,
          0.7386,  0.5889]], device='cuda:0')
tensor([[1]], device='cuda:0')
38
tensor([[-0.2099,  0.1686,  0.8091, -5.3011,  0.0000,  0.8182,  0.1770,  0.6142,
          0.5923, -0.0356,  0.4829,  0.9658, -5.3197,  0.0000,  1.0000,  0.1884,
          0.7386,  0.5889]], device='cuda:0')
tensor([[1]], device='cuda:0')
39
tensor([[-0.0853,  0.2102,  0.9174, -5.3155,  0.0000,  0.9091,  0.1402,  0.9391,
          0.5945, -0.0356,  0.4829,  0.9658, -5.3197,  0.0000,  1.0000,  0.1884,
          0.7386,  0.5889]], device='cuda:0')
tensor([[0]], device='cuda:0')
40
tensor([[-1.2608,  0.0482,  0.2877, -5.3617,  1.0000,  0.2727,  0.1771,  0.2411,
          0.5663, -0.0356,  0.4829,  0.9658, -5.3197,  0.0000,  1.0000,  0.1884,
          0.7386,  0.5889]], device='cuda:0')
tensor([[1]], device='cuda:0')
41
tensor([[-0.1173,  0.2037,  0.8889, -5.3148,  0.0000,  0.9091,  0.1685,  0.6904,
          0.5627, -0.0356,  0.4829,  0.9658, -5.3197,  0.0000,  1.0000,  0.1884,
          0.7386,  0.5889]], device='cuda:0')
tensor([[1]], device='cuda:0')
42
tensor([[-0.0388,  0.2407,  0.9630, -5.3128,  0.0000,  1.0000,  0.4212,  0.8350,
          0.6048, -0.0356,  0.4829,  0.9658, -5.3197,  0.0000,  1.0000,  0.1884,
          0.7386,  0.5889]], device='cuda:0')
tensor([[0]], device='cuda:0')
43
tensor([[-1.9573,  0.0120,  0.1425, -5.3218,  0.0000,  0.0909,  0.0536,  0.1396,
          0.3926, -0.0356,  0.4829,  0.9658, -5.3197,  0.0000,  1.0000,  0.1884,
          0.7386,  0.5889]], device='cuda:0')
tensor([[1]], device='cuda:0')
44
tensor([[-0.4490,  0.4223,  0.6325, -8.1220,  1.0000,  0.6364,  0.1765,  0.4289,
          0.3906, -0.0356,  0.4829,  0.9658, -5.3197,  0.0000,  1.0000,  0.1884,
          0.7386,  0.5889]], device='cuda:0')
tensor([[1]], device='cuda:0')
45
tensor([[-0.1540,  0.1965,  0.8575, -4.6234,  0.0000,  0.9091,  0.1561,  0.6802,
          0.5295, -0.0356,  0.4829,  0.9658, -5.3197,  0.0000,  1.0000,  0.1884,
          0.7386,  0.5889]], device='cuda:0')
tensor([[1]], device='cuda:0')
46
tensor([[-0.1338,  0.4010,  0.8746, -5.3162,  0.0000,  0.9091,  0.1778,  0.6827,
          0.5961, -0.0356,  0.4829,  0.9658, -5.3197,  0.0000,  1.0000,  0.1884,
          0.7386,  0.5889]], device='cuda:0')
tensor([[0]], device='cuda:0')
47
tensor([[-0.4490,  0.4223,  0.6325, -8.1336,  1.0000,  0.6364,  0.1379,  0.4391,
          0.3744, -0.0356,  0.4829,  0.9658, -5.3197,  0.0000,  1.0000,  0.1884,
          0.7386,  0.5889]], device='cuda:0')
tensor([[1]], device='cuda:0')
48
tensor([[-0.2175,  0.1674,  0.8034, -5.3155,  0.0000,  0.8182,  0.2159,  0.7614,
          0.6195, -0.0356,  0.4829,  0.9658, -5.3197,  0.0000,  1.0000,  0.1884,
          0.7386,  0.5889]], device='cuda:0')
tensor([[0]], device='cuda:0')
49
tensor([[-1.1424e-01,  2.0369e-01,  8.8889e-01, -5.3093e+00,  0.0000e+00,
          9.0909e-01,  1.9880e-01,  8.4010e-01,  6.1380e-01, -4.8514e-05,
          2.4992e-01,  1.0000e+00, -5.3155e+00,  0.0000e+00,  1.0000e+00,
          1.5961e-01,  7.7665e-01,  5.9612e-01]], device='cuda:0')
tensor([[1]], device='cuda:0')
50
tensor([[-1.9603e-01,  1.7096e-01,  8.2051e-01, -5.3155e+00,  0.0000e+00,
          8.1818e-01,  2.1104e-01,  7.7919e-01,  6.1945e-01, -4.8514e-05,
          2.4992e-01,  1.0000e+00, -5.3155e+00,  0.0000e+00,  1.0000e+00,
          1.5961e-01,  7.7665e-01,  5.9612e-01]], device='cuda:0')
tensor([[1]], device='cuda:0')
51
tensor([[-1.5087e-01,  1.9653e-01,  8.5755e-01, -5.3155e+00,  0.0000e+00,
          9.0909e-01,  2.0433e-01,  8.1726e-01,  6.1945e-01, -4.8514e-05,
          2.4992e-01,  1.0000e+00, -5.3155e+00,  0.0000e+00,  1.0000e+00,
          1.5961e-01,  7.7665e-01,  5.9612e-01]], device='cuda:0')
tensor([[1]], device='cuda:0')
52
tensor([[-1.8191e-01,  3.4676e-01,  8.3191e-01, -5.3253e+00,  0.0000e+00,
          8.1818e-01,  2.1036e-01,  7.8173e-01,  6.2000e-01, -4.8514e-05,
          2.4992e-01,  1.0000e+00, -5.3155e+00,  0.0000e+00,  1.0000e+00,
          1.5961e-01,  7.7665e-01,  5.9612e-01]], device='cuda:0')
tensor([[1]], device='cuda:0')
53
tensor([[-6.7091e-02,  2.1477e-01,  9.3732e-01, -4.7512e+00,  0.0000e+00,
          9.0909e-01,  2.2659e-01,  8.3756e-01,  6.0640e-01, -4.8514e-05,
          2.4992e-01,  1.0000e+00, -5.3155e+00,  0.0000e+00,  1.0000e+00,
          1.5961e-01,  7.7665e-01,  5.9612e-01]], device='cuda:0')
tensor([[0]], device='cuda:0')
54
tensor([[-1.3742e-01,  1.9914e-01,  8.6895e-01, -5.3155e+00,  0.0000e+00,
          9.0909e-01,  2.1687e-01,  8.4010e-01,  4.9876e-01, -4.8514e-05,
          2.4992e-01,  1.0000e+00, -5.3155e+00,  0.0000e+00,  1.0000e+00,
          1.5961e-01,  7.7665e-01,  5.9612e-01]], device='cuda:0')
tensor([[1]], device='cuda:0')
55
tensor([[-3.5572e-02,  4.8289e-01,  9.6581e-01, -5.3197e+00,  0.0000e+00,
          1.0000e+00,  1.8836e-01,  7.3858e-01,  5.8887e-01, -4.8514e-05,
          2.4992e-01,  1.0000e+00, -5.3155e+00,  0.0000e+00,  1.0000e+00,
          1.5961e-01,  7.7665e-01,  5.9612e-01]], device='cuda:0')
tensor([[1]], device='cuda:0')
56
tensor([[-1.3401e-01,  3.9968e-01,  8.7179e-01, -5.3162e+00,  0.0000e+00,
          9.0909e-01,  2.0917e-01,  8.8325e-01,  6.0578e-01, -4.8514e-05,
          2.4992e-01,  1.0000e+00, -5.3155e+00,  0.0000e+00,  1.0000e+00,
          1.5961e-01,  7.7665e-01,  5.9612e-01]], device='cuda:0')
tensor([[0]], device='cuda:0')
57
tensor([[-2.1026e-01,  1.6859e-01,  8.0912e-01, -5.3045e+00,  0.0000e+00,
          8.1818e-01,  2.1452e-01,  7.6650e-01,  6.1945e-01, -4.8514e-05,
          2.4992e-01,  1.0000e+00, -5.3155e+00,  0.0000e+00,  1.0000e+00,
          1.5961e-01,  7.7665e-01,  5.9612e-01]], device='cuda:0')
tensor([[1]], device='cuda:0')
58
tensor([[-1.6465e-01,  1.7629e-01,  8.4615e-01, -5.3135e+00,  0.0000e+00,
          8.1818e-01,  1.9876e-01,  8.1472e-01,  6.2000e-01, -4.8514e-05,
          2.4992e-01,  1.0000e+00, -5.3155e+00,  0.0000e+00,  1.0000e+00,
          1.5961e-01,  7.7665e-01,  5.9612e-01]], device='cuda:0')
tensor([[1]], device='cuda:0')
59
tensor([[-8.5325e-02,  2.1020e-01,  9.1738e-01, -5.3155e+00,  0.0000e+00,
          9.0909e-01,  1.4016e-01,  9.3909e-01,  5.9449e-01, -4.8514e-05,
          2.4992e-01,  1.0000e+00, -5.3155e+00,  0.0000e+00,  1.0000e+00,
          1.5961e-01,  7.7665e-01,  5.9612e-01]], device='cuda:0')
tensor([[0]], device='cuda:0')
60
tensor([[-4.1613e-02,  2.3997e-01,  9.6011e-01, -5.3142e+00,  0.0000e+00,
          1.0000e+00,  1.5464e-01,  7.3604e-01,  5.6636e-01, -4.8514e-05,
          2.4992e-01,  1.0000e+00, -5.3155e+00,  0.0000e+00,  1.0000e+00,
          1.5961e-01,  7.7665e-01,  5.9612e-01]], device='cuda:0')
tensor([[1]], device='cuda:0')
61
tensor([[-8.2137e-02,  2.1086e-01,  9.2023e-01, -5.3155e+00,  0.0000e+00,
          9.0909e-01,  2.1652e-01,  8.8832e-01,  6.2436e-01, -4.8514e-05,
          2.4992e-01,  1.0000e+00, -5.3155e+00,  0.0000e+00,  1.0000e+00,
          1.5961e-01,  7.7665e-01,  5.9612e-01]], device='cuda:0')
tensor([[0]], device='cuda:0')
62
tensor([[-3.8760e-02,  2.4071e-01,  9.6296e-01, -5.3128e+00,  0.0000e+00,
          1.0000e+00,  4.2121e-01,  8.3503e-01,  6.0478e-01, -4.8514e-05,
          2.4992e-01,  1.0000e+00, -5.3155e+00,  0.0000e+00,  1.0000e+00,
          1.5961e-01,  7.7665e-01,  5.9612e-01]], device='cuda:0')
tensor([[0]], device='cuda:0')
63
tensor([[-1.3412e-01,  1.9978e-01,  8.7179e-01, -5.3155e+00,  0.0000e+00,
          9.0909e-01,  1.4566e-01,  9.0355e-01,  5.9449e-01, -4.8514e-05,
          2.4992e-01,  1.0000e+00, -5.3155e+00,  0.0000e+00,  1.0000e+00,
          1.5961e-01,  7.7665e-01,  5.9612e-01]], device='cuda:0')
tensor([[1]], device='cuda:0')
64
tensor([[-2.1021e-01,  1.6859e-01,  8.0912e-01, -5.3045e+00,  0.0000e+00,
          8.1818e-01,  2.1667e-01,  7.5888e-01,  6.2000e-01, -4.8514e-05,
          2.4992e-01,  1.0000e+00, -5.3155e+00,  0.0000e+00,  1.0000e+00,
          1.5961e-01,  7.7665e-01,  5.9612e-01]], device='cuda:0')
tensor([[1]], device='cuda:0')
65
tensor([[-1.6461e-01,  1.7629e-01,  8.4615e-01, -5.3135e+00,  0.0000e+00,
          8.1818e-01,  2.0820e-01,  8.0203e-01,  6.1380e-01, -4.8514e-05,
          2.4992e-01,  1.0000e+00, -5.3155e+00,  0.0000e+00,  1.0000e+00,
          1.5961e-01,  7.7665e-01,  5.9612e-01]], device='cuda:0')
tensor([[1]], device='cuda:0')
66
tensor([[-1.3380e-01,  4.0097e-01,  8.7464e-01, -5.3162e+00,  0.0000e+00,
          9.0909e-01,  1.7778e-01,  6.8274e-01,  5.9612e-01, -4.8514e-05,
          2.4992e-01,  1.0000e+00, -5.3155e+00,  0.0000e+00,  1.0000e+00,
          1.5961e-01,  7.7665e-01,  5.9612e-01]], device='cuda:0')
tensor([[1]], device='cuda:0')
67
tensor([[-2.9773e-02,  2.4282e-01,  9.7151e-01, -5.3142e+00,  0.0000e+00,
          1.0000e+00,  1.9658e-01,  8.8832e-01,  4.7431e-01, -4.8514e-05,
          2.4992e-01,  1.0000e+00, -5.3155e+00,  0.0000e+00,  1.0000e+00,
          1.5961e-01,  7.7665e-01,  5.9612e-01]], device='cuda:0')
tensor([[1]], device='cuda:0')
68
tensor([[-2.1751e-01,  1.6741e-01,  8.0342e-01, -5.3155e+00,  0.0000e+00,
          8.1818e-01,  2.1595e-01,  7.6142e-01,  6.1945e-01, -4.8514e-05,
          2.4992e-01,  1.0000e+00, -5.3155e+00,  0.0000e+00,  1.0000e+00,
          1.5961e-01,  7.7665e-01,  5.9612e-01]], device='cuda:0')
tensor([[1]], device='cuda:0')
69
tensor([[-0.0671,  0.2148,  0.9373, -4.7512,  0.0000,  0.9091,  0.2266,  0.8376,
          0.6064, -0.0853,  0.2102,  0.9174, -5.3155,  0.0000,  0.9091,  0.1402,
          0.9391,  0.5945]], device='cuda:0')
tensor([[1]], device='cuda:0')
70
tensor([[-0.0821,  0.2109,  0.9202, -5.3155,  0.0000,  0.9091,  0.2165,  0.8883,
          0.6244, -0.0853,  0.2102,  0.9174, -5.3155,  0.0000,  0.9091,  0.1402,
          0.9391,  0.5945]], device='cuda:0')
tensor([[1]], device='cuda:0')
71
tensor([[-0.0388,  0.2407,  0.9630, -5.3128,  0.0000,  1.0000,  0.4212,  0.8350,
          0.6048, -0.0853,  0.2102,  0.9174, -5.3155,  0.0000,  0.9091,  0.1402,
          0.9391,  0.5945]], device='cuda:0')
tensor([[0]], device='cuda:0')
72
tensor([[-0.1340,  0.3997,  0.8718, -5.3162,  0.0000,  0.9091,  0.2092,  0.8832,
          0.6058, -0.0853,  0.2102,  0.9174, -5.3155,  0.0000,  0.9091,  0.1402,
          0.9391,  0.5945]], device='cuda:0')
tensor([[1]], device='cuda:0')
73
tensor([[-0.0671,  0.2148,  0.9373, -4.7512,  0.0000,  0.9091,  0.2266,  0.8376,
          0.6064, -0.1340,  0.3997,  0.8718, -5.3162,  0.0000,  0.9091,  0.2092,
          0.8832,  0.6058]], device='cuda:0')
tensor([[0]], device='cuda:0')
74
tensor([[-0.0821,  0.2109,  0.9202, -5.3155,  0.0000,  0.9091,  0.2165,  0.8883,
          0.6244, -0.1340,  0.3997,  0.8718, -5.3162,  0.0000,  0.9091,  0.2092,
          0.8832,  0.6058]], device='cuda:0')
tensor([[0]], device='cuda:0')
75
tensor([[-0.0821,  0.2109,  0.9202, -5.3155,  0.0000,  0.9091,  0.2165,  0.8883,
          0.6244, -0.0671,  0.2148,  0.9373, -4.7512,  0.0000,  0.9091,  0.2266,
          0.8376,  0.6064]], device='cuda:0')
tensor([[1]], device='cuda:0')
76
tensor([[-0.1142,  0.2037,  0.8889, -5.3093,  0.0000,  0.9091,  0.1988,  0.8401,
          0.6138, -0.2175,  0.1674,  0.8034, -5.3155,  0.0000,  0.8182,  0.2159,
          0.7614,  0.6195]], device='cuda:0')
tensor([[0]], device='cuda:0')
77
tensor([[-0.1960,  0.1710,  0.8205, -5.3155,  0.0000,  0.8182,  0.2110,  0.7792,
          0.6195, -0.2175,  0.1674,  0.8034, -5.3155,  0.0000,  0.8182,  0.2159,
          0.7614,  0.6195]], device='cuda:0')
tensor([[1]], device='cuda:0')
78
tensor([[-0.1509,  0.1965,  0.8575, -5.3155,  0.0000,  0.9091,  0.2043,  0.8173,
          0.6195, -0.2175,  0.1674,  0.8034, -5.3155,  0.0000,  0.8182,  0.2159,
          0.7614,  0.6195]], device='cuda:0')
tensor([[1]], device='cuda:0')
79
tensor([[-0.1819,  0.3468,  0.8319, -5.3253,  0.0000,  0.8182,  0.2104,  0.7817,
          0.6200, -0.2175,  0.1674,  0.8034, -5.3155,  0.0000,  0.8182,  0.2159,
          0.7614,  0.6195]], device='cuda:0')
tensor([[1]], device='cuda:0')
80
tensor([[-0.1374,  0.1991,  0.8689, -5.3155,  0.0000,  0.9091,  0.2169,  0.8401,
          0.4988, -0.2175,  0.1674,  0.8034, -5.3155,  0.0000,  0.8182,  0.2159,
          0.7614,  0.6195]], device='cuda:0')
tensor([[1]], device='cuda:0')
81
tensor([[-0.0356,  0.4829,  0.9658, -5.3197,  0.0000,  1.0000,  0.1884,  0.7386,
          0.5889, -0.2175,  0.1674,  0.8034, -5.3155,  0.0000,  0.8182,  0.2159,
          0.7614,  0.6195]], device='cuda:0')
tensor([[0]], device='cuda:0')
82
tensor([[-0.2103,  0.1686,  0.8091, -5.3045,  0.0000,  0.8182,  0.2145,  0.7665,
          0.6195, -0.2175,  0.1674,  0.8034, -5.3155,  0.0000,  0.8182,  0.2159,
          0.7614,  0.6195]], device='cuda:0')
tensor([[1]], device='cuda:0')
83
tensor([[-0.1647,  0.1763,  0.8462, -5.3135,  0.0000,  0.8182,  0.1988,  0.8147,
          0.6200, -0.2175,  0.1674,  0.8034, -5.3155,  0.0000,  0.8182,  0.2159,
          0.7614,  0.6195]], device='cuda:0')
tensor([[1]], device='cuda:0')
84
tensor([[-0.0416,  0.2400,  0.9601, -5.3142,  0.0000,  1.0000,  0.1546,  0.7360,
          0.5664, -0.2175,  0.1674,  0.8034, -5.3155,  0.0000,  0.8182,  0.2159,
          0.7614,  0.6195]], device='cuda:0')
tensor([[1]], device='cuda:0')
85
tensor([[-0.1341,  0.1998,  0.8718, -5.3155,  0.0000,  0.9091,  0.1457,  0.9036,
          0.5945, -0.2175,  0.1674,  0.8034, -5.3155,  0.0000,  0.8182,  0.2159,
          0.7614,  0.6195]], device='cuda:0')
tensor([[0]], device='cuda:0')
86
tensor([[-0.2102,  0.1686,  0.8091, -5.3045,  0.0000,  0.8182,  0.2167,  0.7589,
          0.6200, -0.2175,  0.1674,  0.8034, -5.3155,  0.0000,  0.8182,  0.2159,
          0.7614,  0.6195]], device='cuda:0')
tensor([[1]], device='cuda:0')
87
tensor([[-0.1646,  0.1763,  0.8462, -5.3135,  0.0000,  0.8182,  0.2082,  0.8020,
          0.6138, -0.2175,  0.1674,  0.8034, -5.3155,  0.0000,  0.8182,  0.2159,
          0.7614,  0.6195]], device='cuda:0')
tensor([[1]], device='cuda:0')
88
tensor([[-0.1338,  0.4010,  0.8746, -5.3162,  0.0000,  0.9091,  0.1778,  0.6827,
          0.5961, -0.2175,  0.1674,  0.8034, -5.3155,  0.0000,  0.8182,  0.2159,
          0.7614,  0.6195]], device='cuda:0')
tensor([[1]], device='cuda:0')
89
tensor([[-0.0298,  0.2428,  0.9715, -5.3142,  0.0000,  1.0000,  0.1966,  0.8883,
          0.4743, -0.2175,  0.1674,  0.8034, -5.3155,  0.0000,  0.8182,  0.2159,
          0.7614,  0.6195]], device='cuda:0')
tensor([[1]], device='cuda:0')
90
tensor([[-0.1341,  0.1998,  0.8718, -5.3155,  0.0000,  0.9091,  0.1457,  0.9036,
          0.5945, -0.1142,  0.2037,  0.8889, -5.3093,  0.0000,  0.9091,  0.1988,
          0.8401,  0.6138]], device='cuda:0')
tensor([[1]], device='cuda:0')
91
tensor([[-0.0356,  0.4829,  0.9658, -5.3197,  0.0000,  1.0000,  0.1884,  0.7386,
          0.5889, -0.1142,  0.2037,  0.8889, -5.3093,  0.0000,  0.9091,  0.1988,
          0.8401,  0.6138]], device='cuda:0')
tensor([[1]], device='cuda:0')
92
tensor([[-0.1341,  0.1998,  0.8718, -5.3155,  0.0000,  0.9091,  0.1457,  0.9036,
          0.5945, -0.0356,  0.4829,  0.9658, -5.3197,  0.0000,  1.0000,  0.1884,
          0.7386,  0.5889]], device='cuda:0')
tensor([[0]], device='cuda:0')
93
tensor([[-0.1960,  0.1710,  0.8205, -5.3155,  0.0000,  0.8182,  0.2110,  0.7792,
          0.6195, -0.0298,  0.2428,  0.9715, -5.3142,  0.0000,  1.0000,  0.1966,
          0.8883,  0.4743]], device='cuda:0')
tensor([[1]], device='cuda:0')
94
tensor([[-0.1509,  0.1965,  0.8575, -5.3155,  0.0000,  0.9091,  0.2043,  0.8173,
          0.6195, -0.0298,  0.2428,  0.9715, -5.3142,  0.0000,  1.0000,  0.1966,
          0.8883,  0.4743]], device='cuda:0')
tensor([[1]], device='cuda:0')
95
tensor([[-0.1819,  0.3468,  0.8319, -5.3253,  0.0000,  0.8182,  0.2104,  0.7817,
          0.6200, -0.0298,  0.2428,  0.9715, -5.3142,  0.0000,  1.0000,  0.1966,
          0.8883,  0.4743]], device='cuda:0')
tensor([[1]], device='cuda:0')
96
tensor([[-0.1374,  0.1991,  0.8689, -5.3155,  0.0000,  0.9091,  0.2169,  0.8401,
          0.4988, -0.0298,  0.2428,  0.9715, -5.3142,  0.0000,  1.0000,  0.1966,
          0.8883,  0.4743]], device='cuda:0')
tensor([[1]], device='cuda:0')
97
tensor([[-0.2103,  0.1686,  0.8091, -5.3045,  0.0000,  0.8182,  0.2145,  0.7665,
          0.6195, -0.0298,  0.2428,  0.9715, -5.3142,  0.0000,  1.0000,  0.1966,
          0.8883,  0.4743]], device='cuda:0')
tensor([[1]], device='cuda:0')
98
tensor([[-0.1647,  0.1763,  0.8462, -5.3135,  0.0000,  0.8182,  0.1988,  0.8147,
          0.6200, -0.0298,  0.2428,  0.9715, -5.3142,  0.0000,  1.0000,  0.1966,
          0.8883,  0.4743]], device='cuda:0')
tensor([[1]], device='cuda:0')
99
tensor([[-0.0416,  0.2400,  0.9601, -5.3142,  0.0000,  1.0000,  0.1546,  0.7360,
          0.5664, -0.0298,  0.2428,  0.9715, -5.3142,  0.0000,  1.0000,  0.1966,
          0.8883,  0.4743]], device='cuda:0')
tensor([[1]], device='cuda:0')
100
tensor([[-0.2102,  0.1686,  0.8091, -5.3045,  0.0000,  0.8182,  0.2167,  0.7589,
          0.6200, -0.0298,  0.2428,  0.9715, -5.3142,  0.0000,  1.0000,  0.1966,
          0.8883,  0.4743]], device='cuda:0')
tensor([[1]], device='cuda:0')
101
tensor([[-0.1646,  0.1763,  0.8462, -5.3135,  0.0000,  0.8182,  0.2082,  0.8020,
          0.6138, -0.0298,  0.2428,  0.9715, -5.3142,  0.0000,  1.0000,  0.1966,
          0.8883,  0.4743]], device='cuda:0')
tensor([[1]], device='cuda:0')
102
tensor([[-0.1338,  0.4010,  0.8746, -5.3162,  0.0000,  0.9091,  0.1778,  0.6827,
          0.5961, -0.0298,  0.2428,  0.9715, -5.3142,  0.0000,  1.0000,  0.1966,
          0.8883,  0.4743]], device='cuda:0')
tensor([[1]], device='cuda:0')
103
tensor([[-0.1960,  0.1710,  0.8205, -5.3155,  0.0000,  0.8182,  0.2110,  0.7792,
          0.6195, -0.1338,  0.4010,  0.8746, -5.3162,  0.0000,  0.9091,  0.1778,
          0.6827,  0.5961]], device='cuda:0')
tensor([[0]], device='cuda:0')
104
tensor([[-0.1509,  0.1965,  0.8575, -5.3155,  0.0000,  0.9091,  0.2043,  0.8173,
          0.6195, -0.1338,  0.4010,  0.8746, -5.3162,  0.0000,  0.9091,  0.1778,
          0.6827,  0.5961]], device='cuda:0')
tensor([[0]], device='cuda:0')
105
tensor([[-0.1819,  0.3468,  0.8319, -5.3253,  0.0000,  0.8182,  0.2104,  0.7817,
          0.6200, -0.1338,  0.4010,  0.8746, -5.3162,  0.0000,  0.9091,  0.1778,
          0.6827,  0.5961]], device='cuda:0')
tensor([[0]], device='cuda:0')
106
tensor([[-0.1374,  0.1991,  0.8689, -5.3155,  0.0000,  0.9091,  0.2169,  0.8401,
          0.4988, -0.1338,  0.4010,  0.8746, -5.3162,  0.0000,  0.9091,  0.1778,
          0.6827,  0.5961]], device='cuda:0')
tensor([[0]], device='cuda:0')
107
tensor([[-0.2103,  0.1686,  0.8091, -5.3045,  0.0000,  0.8182,  0.2145,  0.7665,
          0.6195, -0.1338,  0.4010,  0.8746, -5.3162,  0.0000,  0.9091,  0.1778,
          0.6827,  0.5961]], device='cuda:0')
tensor([[0]], device='cuda:0')
108
tensor([[-0.1647,  0.1763,  0.8462, -5.3135,  0.0000,  0.8182,  0.1988,  0.8147,
          0.6200, -0.1338,  0.4010,  0.8746, -5.3162,  0.0000,  0.9091,  0.1778,
          0.6827,  0.5961]], device='cuda:0')
tensor([[0]], device='cuda:0')
109
tensor([[-0.0416,  0.2400,  0.9601, -5.3142,  0.0000,  1.0000,  0.1546,  0.7360,
          0.5664, -0.1338,  0.4010,  0.8746, -5.3162,  0.0000,  0.9091,  0.1778,
          0.6827,  0.5961]], device='cuda:0')
tensor([[0]], device='cuda:0')
110
tensor([[-0.2102,  0.1686,  0.8091, -5.3045,  0.0000,  0.8182,  0.2167,  0.7589,
          0.6200, -0.1338,  0.4010,  0.8746, -5.3162,  0.0000,  0.9091,  0.1778,
          0.6827,  0.5961]], device='cuda:0')
tensor([[0]], device='cuda:0')
111
tensor([[-0.1646,  0.1763,  0.8462, -5.3135,  0.0000,  0.8182,  0.2082,  0.8020,
          0.6138, -0.1338,  0.4010,  0.8746, -5.3162,  0.0000,  0.9091,  0.1778,
          0.6827,  0.5961]], device='cuda:0')
tensor([[0]], device='cuda:0')
112
tensor([[-0.1509,  0.1965,  0.8575, -5.3155,  0.0000,  0.9091,  0.2043,  0.8173,
          0.6195, -0.1960,  0.1710,  0.8205, -5.3155,  0.0000,  0.8182,  0.2110,
          0.7792,  0.6195]], device='cuda:0')
tensor([[1]], device='cuda:0')
113
tensor([[-0.1819,  0.3468,  0.8319, -5.3253,  0.0000,  0.8182,  0.2104,  0.7817,
          0.6200, -0.1960,  0.1710,  0.8205, -5.3155,  0.0000,  0.8182,  0.2110,
          0.7792,  0.6195]], device='cuda:0')
tensor([[1]], device='cuda:0')
114
tensor([[-0.1374,  0.1991,  0.8689, -5.3155,  0.0000,  0.9091,  0.2169,  0.8401,
          0.4988, -0.1960,  0.1710,  0.8205, -5.3155,  0.0000,  0.8182,  0.2110,
          0.7792,  0.6195]], device='cuda:0')
tensor([[1]], device='cuda:0')
115
tensor([[-0.2103,  0.1686,  0.8091, -5.3045,  0.0000,  0.8182,  0.2145,  0.7665,
          0.6195, -0.1960,  0.1710,  0.8205, -5.3155,  0.0000,  0.8182,  0.2110,
          0.7792,  0.6195]], device='cuda:0')
tensor([[1]], device='cuda:0')
116
tensor([[-0.1647,  0.1763,  0.8462, -5.3135,  0.0000,  0.8182,  0.1988,  0.8147,
          0.6200, -0.1960,  0.1710,  0.8205, -5.3155,  0.0000,  0.8182,  0.2110,
          0.7792,  0.6195]], device='cuda:0')
tensor([[1]], device='cuda:0')
117
tensor([[-0.0416,  0.2400,  0.9601, -5.3142,  0.0000,  1.0000,  0.1546,  0.7360,
          0.5664, -0.1960,  0.1710,  0.8205, -5.3155,  0.0000,  0.8182,  0.2110,
          0.7792,  0.6195]], device='cuda:0')
tensor([[1]], device='cuda:0')
118
tensor([[-0.2102,  0.1686,  0.8091, -5.3045,  0.0000,  0.8182,  0.2167,  0.7589,
          0.6200, -0.1960,  0.1710,  0.8205, -5.3155,  0.0000,  0.8182,  0.2110,
          0.7792,  0.6195]], device='cuda:0')
tensor([[1]], device='cuda:0')
119
tensor([[-0.1646,  0.1763,  0.8462, -5.3135,  0.0000,  0.8182,  0.2082,  0.8020,
          0.6138, -0.1960,  0.1710,  0.8205, -5.3155,  0.0000,  0.8182,  0.2110,
          0.7792,  0.6195]], device='cuda:0')
tensor([[1]], device='cuda:0')
120
tensor([[-0.1509,  0.1965,  0.8575, -5.3155,  0.0000,  0.9091,  0.2043,  0.8173,
          0.6195, -0.1646,  0.1763,  0.8462, -5.3135,  0.0000,  0.8182,  0.2082,
          0.8020,  0.6138]], device='cuda:0')
tensor([[1]], device='cuda:0')
121
tensor([[-0.1819,  0.3468,  0.8319, -5.3253,  0.0000,  0.8182,  0.2104,  0.7817,
          0.6200, -0.1646,  0.1763,  0.8462, -5.3135,  0.0000,  0.8182,  0.2082,
          0.8020,  0.6138]], device='cuda:0')
tensor([[1]], device='cuda:0')
122
tensor([[-0.1374,  0.1991,  0.8689, -5.3155,  0.0000,  0.9091,  0.2169,  0.8401,
          0.4988, -0.1646,  0.1763,  0.8462, -5.3135,  0.0000,  0.8182,  0.2082,
          0.8020,  0.6138]], device='cuda:0')
tensor([[1]], device='cuda:0')
123
tensor([[-0.2103,  0.1686,  0.8091, -5.3045,  0.0000,  0.8182,  0.2145,  0.7665,
          0.6195, -0.1646,  0.1763,  0.8462, -5.3135,  0.0000,  0.8182,  0.2082,
          0.8020,  0.6138]], device='cuda:0')
tensor([[1]], device='cuda:0')
124
tensor([[-0.1647,  0.1763,  0.8462, -5.3135,  0.0000,  0.8182,  0.1988,  0.8147,
          0.6200, -0.1646,  0.1763,  0.8462, -5.3135,  0.0000,  0.8182,  0.2082,
          0.8020,  0.6138]], device='cuda:0')
tensor([[1]], device='cuda:0')
125
tensor([[-0.0416,  0.2400,  0.9601, -5.3142,  0.0000,  1.0000,  0.1546,  0.7360,
          0.5664, -0.1646,  0.1763,  0.8462, -5.3135,  0.0000,  0.8182,  0.2082,
          0.8020,  0.6138]], device='cuda:0')
tensor([[1]], device='cuda:0')
126
tensor([[-0.2102,  0.1686,  0.8091, -5.3045,  0.0000,  0.8182,  0.2167,  0.7589,
          0.6200, -0.1646,  0.1763,  0.8462, -5.3135,  0.0000,  0.8182,  0.2082,
          0.8020,  0.6138]], device='cuda:0')
tensor([[1]], device='cuda:0')
127
tensor([[-0.1509,  0.1965,  0.8575, -5.3155,  0.0000,  0.9091,  0.2043,  0.8173,
          0.6195, -0.2102,  0.1686,  0.8091, -5.3045,  0.0000,  0.8182,  0.2167,
          0.7589,  0.6200]], device='cuda:0')
tensor([[1]], device='cuda:0')
128
tensor([[-0.1819,  0.3468,  0.8319, -5.3253,  0.0000,  0.8182,  0.2104,  0.7817,
          0.6200, -0.2102,  0.1686,  0.8091, -5.3045,  0.0000,  0.8182,  0.2167,
          0.7589,  0.6200]], device='cuda:0')
tensor([[1]], device='cuda:0')
129
tensor([[-0.1374,  0.1991,  0.8689, -5.3155,  0.0000,  0.9091,  0.2169,  0.8401,
          0.4988, -0.2102,  0.1686,  0.8091, -5.3045,  0.0000,  0.8182,  0.2167,
          0.7589,  0.6200]], device='cuda:0')
tensor([[1]], device='cuda:0')
130
tensor([[-0.2103,  0.1686,  0.8091, -5.3045,  0.0000,  0.8182,  0.2145,  0.7665,
          0.6195, -0.2102,  0.1686,  0.8091, -5.3045,  0.0000,  0.8182,  0.2167,
          0.7589,  0.6200]], device='cuda:0')
tensor([[1]], device='cuda:0')
131
tensor([[-0.1647,  0.1763,  0.8462, -5.3135,  0.0000,  0.8182,  0.1988,  0.8147,
          0.6200, -0.2102,  0.1686,  0.8091, -5.3045,  0.0000,  0.8182,  0.2167,
          0.7589,  0.6200]], device='cuda:0')
tensor([[1]], device='cuda:0')
132
tensor([[-0.0416,  0.2400,  0.9601, -5.3142,  0.0000,  1.0000,  0.1546,  0.7360,
          0.5664, -0.2102,  0.1686,  0.8091, -5.3045,  0.0000,  0.8182,  0.2167,
          0.7589,  0.6200]], device='cuda:0')
tensor([[1]], device='cuda:0')
133
tensor([[-0.1509,  0.1965,  0.8575, -5.3155,  0.0000,  0.9091,  0.2043,  0.8173,
          0.6195, -0.0416,  0.2400,  0.9601, -5.3142,  0.0000,  1.0000,  0.1546,
          0.7360,  0.5664]], device='cuda:0')
tensor([[0]], device='cuda:0')
134
tensor([[-0.1819,  0.3468,  0.8319, -5.3253,  0.0000,  0.8182,  0.2104,  0.7817,
          0.6200, -0.0416,  0.2400,  0.9601, -5.3142,  0.0000,  1.0000,  0.1546,
          0.7360,  0.5664]], device='cuda:0')
tensor([[1]], device='cuda:0')
135
tensor([[-0.1374,  0.1991,  0.8689, -5.3155,  0.0000,  0.9091,  0.2169,  0.8401,
          0.4988, -0.0416,  0.2400,  0.9601, -5.3142,  0.0000,  1.0000,  0.1546,
          0.7360,  0.5664]], device='cuda:0')
tensor([[1]], device='cuda:0')
136
tensor([[-0.2103,  0.1686,  0.8091, -5.3045,  0.0000,  0.8182,  0.2145,  0.7665,
          0.6195, -0.0416,  0.2400,  0.9601, -5.3142,  0.0000,  1.0000,  0.1546,
          0.7360,  0.5664]], device='cuda:0')
tensor([[1]], device='cuda:0')
137
tensor([[-0.1647,  0.1763,  0.8462, -5.3135,  0.0000,  0.8182,  0.1988,  0.8147,
          0.6200, -0.0416,  0.2400,  0.9601, -5.3142,  0.0000,  1.0000,  0.1546,
          0.7360,  0.5664]], device='cuda:0')
tensor([[1]], device='cuda:0')
138
tensor([[-0.1819,  0.3468,  0.8319, -5.3253,  0.0000,  0.8182,  0.2104,  0.7817,
          0.6200, -0.1647,  0.1763,  0.8462, -5.3135,  0.0000,  0.8182,  0.1988,
          0.8147,  0.6200]], device='cuda:0')
tensor([[1]], device='cuda:0')
139
tensor([[-0.1374,  0.1991,  0.8689, -5.3155,  0.0000,  0.9091,  0.2169,  0.8401,
          0.4988, -0.1647,  0.1763,  0.8462, -5.3135,  0.0000,  0.8182,  0.1988,
          0.8147,  0.6200]], device='cuda:0')
tensor([[1]], device='cuda:0')
140
tensor([[-0.2103,  0.1686,  0.8091, -5.3045,  0.0000,  0.8182,  0.2145,  0.7665,
          0.6195, -0.1647,  0.1763,  0.8462, -5.3135,  0.0000,  0.8182,  0.1988,
          0.8147,  0.6200]], device='cuda:0')
tensor([[1]], device='cuda:0')
141
tensor([[-0.1819,  0.3468,  0.8319, -5.3253,  0.0000,  0.8182,  0.2104,  0.7817,
          0.6200, -0.2103,  0.1686,  0.8091, -5.3045,  0.0000,  0.8182,  0.2145,
          0.7665,  0.6195]], device='cuda:0')
tensor([[1]], device='cuda:0')
142
tensor([[-0.1374,  0.1991,  0.8689, -5.3155,  0.0000,  0.9091,  0.2169,  0.8401,
          0.4988, -0.2103,  0.1686,  0.8091, -5.3045,  0.0000,  0.8182,  0.2145,
          0.7665,  0.6195]], device='cuda:0')
tensor([[1]], device='cuda:0')
143
tensor([[-0.1819,  0.3468,  0.8319, -5.3253,  0.0000,  0.8182,  0.2104,  0.7817,
          0.6200, -0.1374,  0.1991,  0.8689, -5.3155,  0.0000,  0.9091,  0.2169,
          0.8401,  0.4988]], device='cuda:0')
tensor([[1]], device='cuda:0')
144
tensor([[-2.3534e+00,  4.0260e-03,  9.6866e-02, -5.3114e+00,  1.0000e+00,
          9.0909e-02,  1.4286e-01,  1.5228e-02,  9.9266e-02, -4.4903e-01,
          4.2227e-01,  6.3248e-01, -8.1336e+00,  1.0000e+00,  6.3636e-01,
          1.3793e-01,  4.3909e-01,  3.7437e-01]], device='cuda:0')
tensor([[1]], device='cuda:0')
145
tensor([[-0.1506,  0.1972,  0.8604, -5.3155,  0.0000,  0.9091,  0.1493,  0.6777,
          0.5269, -0.4490,  0.4223,  0.6325, -8.1336,  1.0000,  0.6364,  0.1379,
          0.4391,  0.3744]], device='cuda:0')
tensor([[0]], device='cuda:0')
146
tensor([[-1.2506,  0.0487,  0.2906, -5.3162,  1.0000,  0.2727,  0.1235,  0.2030,
          0.4983, -0.4490,  0.4223,  0.6325, -8.1336,  1.0000,  0.6364,  0.1379,
          0.4391,  0.3744]], device='cuda:0')
tensor([[1]], device='cuda:0')
147
tensor([[-0.0818,  0.2109,  0.9202, -5.3142,  0.0000,  0.9091,  0.1834,  0.7310,
          0.4717, -0.4490,  0.4223,  0.6325, -8.1336,  1.0000,  0.6364,  0.1379,
          0.4391,  0.3744]], device='cuda:0')
tensor([[0]], device='cuda:0')
148
tensor([[-0.1922,  0.3432,  0.8234, -5.3169,  0.0000,  0.8182,  0.1760,  0.6320,
          0.5751, -0.4490,  0.4223,  0.6325, -8.1336,  1.0000,  0.6364,  0.1379,
          0.4391,  0.3744]], device='cuda:0')
tensor([[0]], device='cuda:0')
149
tensor([[-0.2284,  0.1656,  0.7949, -5.3155,  0.0000,  0.8182,  0.2222,  0.7513,
          0.6138, -0.4490,  0.4223,  0.6325, -8.1336,  1.0000,  0.6364,  0.1379,
          0.4391,  0.3744]], device='cuda:0')
tensor([[0]], device='cuda:0')
150
tensor([[-0.2281,  0.1656,  0.7949, -4.6276,  0.0000,  0.8182,  0.1647,  0.6294,
          0.4983, -0.4490,  0.4223,  0.6325, -8.1336,  1.0000,  0.6364,  0.1379,
          0.4391,  0.3744]], device='cuda:0')
tensor([[0]], device='cuda:0')
151
tensor([[-0.2028,  0.3396,  0.8148, -6.1827,  0.0000,  0.8182,  0.1587,  0.6371,
          0.6066, -0.4490,  0.4223,  0.6325, -8.1336,  1.0000,  0.6364,  0.1379,
          0.4391,  0.3744]], device='cuda:0')
tensor([[0]], device='cuda:0')
152
tensor([[-0.1042,  0.4127,  0.9003, -5.3169,  0.0000,  0.9091,  0.1606,  0.6929,
          0.5664, -0.4490,  0.4223,  0.6325, -8.1336,  1.0000,  0.6364,  0.1379,
          0.4391,  0.3744]], device='cuda:0')
tensor([[0]], device='cuda:0')
153
tensor([[-0.2209,  0.1668,  0.8006, -5.3148,  0.0000,  0.8182,  0.1885,  0.6168,
          0.5627, -0.4490,  0.4223,  0.6325, -8.1336,  1.0000,  0.6364,  0.1379,
          0.4391,  0.3744]], device='cuda:0')
tensor([[0]], device='cuda:0')
154
tensor([[-0.1506,  0.1972,  0.8604, -5.3155,  0.0000,  0.9091,  0.2706,  0.6447,
          0.6073, -0.4490,  0.4223,  0.6325, -8.1336,  1.0000,  0.6364,  0.1379,
          0.4391,  0.3744]], device='cuda:0')
tensor([[0]], device='cuda:0')
155
tensor([[-0.0449,  0.2393,  0.9573, -5.3128,  1.0000,  1.0000,  0.2016,  0.9543,
          0.6058, -0.4490,  0.4223,  0.6325, -8.1336,  1.0000,  0.6364,  0.1379,
          0.4391,  0.3744]], device='cuda:0')
tensor([[0]], device='cuda:0')
156
tensor([[-1.4531,  0.0785,  0.2336, -5.3316,  0.0000,  0.2727,  0.0575,  0.2183,
          0.3494, -0.4490,  0.4223,  0.6325, -8.1336,  1.0000,  0.6364,  0.1379,
          0.4391,  0.3744]], device='cuda:0')
tensor([[1]], device='cuda:0')
157
tensor([[-0.2542,  0.1615,  0.7749, -4.6276,  0.0000,  0.8182,  0.2727,  0.6396,
          0.6078, -0.4490,  0.4223,  0.6325, -8.1336,  1.0000,  0.6364,  0.1379,
          0.4391,  0.3744]], device='cuda:0')
tensor([[0]], device='cuda:0')
158
tensor([[-0.2247,  0.1662,  0.7977, -5.3148,  0.0000,  0.8182,  0.2162,  0.7487,
          0.6097, -0.4490,  0.4223,  0.6325, -8.1336,  1.0000,  0.6364,  0.1379,
          0.4391,  0.3744]], device='cuda:0')
tensor([[0]], device='cuda:0')
159
tensor([[-1.4285,  0.0200,  0.2393, -5.3155,  1.0000,  0.2727,  0.1765,  0.1269,
          0.3332, -0.4490,  0.4223,  0.6325, -8.1336,  1.0000,  0.6364,  0.1379,
          0.4391,  0.3744]], device='cuda:0')
tensor([[1]], device='cuda:0')
160
tensor([[-0.1694,  0.3515,  0.8433, -5.9364,  0.0000,  0.8182,  0.2600,  0.6320,
          0.6050, -0.4490,  0.4223,  0.6325, -8.1336,  1.0000,  0.6364,  0.1379,
          0.4391,  0.3744]], device='cuda:0')
tensor([[0]], device='cuda:0')
161
tensor([[-0.0547,  0.9489,  0.9487, -9.3297,  1.0000,  1.0000,  0.6603,  0.3934,
          0.5485, -0.4490,  0.4223,  0.6325, -8.1336,  1.0000,  0.6364,  0.1379,
          0.4391,  0.3744]], device='cuda:0')
tensor([[0]], device='cuda:0')
162
tensor([[-2.3238,  0.0084,  0.0997, -5.3169,  1.0000,  0.0909,  0.3636,  0.0254,
          0.1318, -0.4490,  0.4223,  0.6325, -8.1336,  1.0000,  0.6364,  0.1379,
          0.4391,  0.3744]], device='cuda:0')
tensor([[1]], device='cuda:0')
163
tensor([[-0.2430,  0.1633,  0.7835, -5.3148,  0.0000,  0.8182,  0.2720,  0.6599,
          0.5151, -0.4490,  0.4223,  0.6325, -8.1336,  1.0000,  0.6364,  0.1379,
          0.4391,  0.3744]], device='cuda:0')
tensor([[0]], device='cuda:0')
164
tensor([[-0.7310,  0.0596,  0.4758, -5.3155,  1.0000,  0.4545,  0.1587,  0.3173,
          0.3090, -0.4490,  0.4223,  0.6325, -8.1336,  1.0000,  0.6364,  0.1379,
          0.4391,  0.3744]], device='cuda:0')
tensor([[1]], device='cuda:0')
165
tensor([[-0.2099,  0.1686,  0.8091, -5.3011,  0.0000,  0.8182,  0.1770,  0.6142,
          0.5923, -0.4490,  0.4223,  0.6325, -8.1336,  1.0000,  0.6364,  0.1379,
          0.4391,  0.3744]], device='cuda:0')
tensor([[0]], device='cuda:0')
166
tensor([[-1.2608,  0.0482,  0.2877, -5.3617,  1.0000,  0.2727,  0.1771,  0.2411,
          0.5663, -0.4490,  0.4223,  0.6325, -8.1336,  1.0000,  0.6364,  0.1379,
          0.4391,  0.3744]], device='cuda:0')
tensor([[1]], device='cuda:0')
167
tensor([[-0.1173,  0.2037,  0.8889, -5.3148,  0.0000,  0.9091,  0.1685,  0.6904,
          0.5627, -0.4490,  0.4223,  0.6325, -8.1336,  1.0000,  0.6364,  0.1379,
          0.4391,  0.3744]], device='cuda:0')
tensor([[0]], device='cuda:0')
168
tensor([[-1.9573,  0.0120,  0.1425, -5.3218,  0.0000,  0.0909,  0.0536,  0.1396,
          0.3926, -0.4490,  0.4223,  0.6325, -8.1336,  1.0000,  0.6364,  0.1379,
          0.4391,  0.3744]], device='cuda:0')
tensor([[1]], device='cuda:0')
169
tensor([[-0.4490,  0.4223,  0.6325, -8.1220,  1.0000,  0.6364,  0.1765,  0.4289,
          0.3906, -0.4490,  0.4223,  0.6325, -8.1336,  1.0000,  0.6364,  0.1379,
          0.4391,  0.3744]], device='cuda:0')
tensor([[1]], device='cuda:0')
170
tensor([[-0.1540,  0.1965,  0.8575, -4.6234,  0.0000,  0.9091,  0.1561,  0.6802,
          0.5295, -0.4490,  0.4223,  0.6325, -8.1336,  1.0000,  0.6364,  0.1379,
          0.4391,  0.3744]], device='cuda:0')
tensor([[0]], device='cuda:0')
171
tensor([[-0.1506,  0.1972,  0.8604, -5.3155,  0.0000,  0.9091,  0.2706,  0.6447,
          0.6073, -0.2209,  0.1668,  0.8006, -5.3148,  0.0000,  0.8182,  0.1885,
          0.6168,  0.5627]], device='cuda:0')
tensor([[0]], device='cuda:0')
172
tensor([[-0.0449,  0.2393,  0.9573, -5.3128,  1.0000,  1.0000,  0.2016,  0.9543,
          0.6058, -0.2209,  0.1668,  0.8006, -5.3148,  0.0000,  0.8182,  0.1885,
          0.6168,  0.5627]], device='cuda:0')
tensor([[1]], device='cuda:0')
173
tensor([[-0.1506,  0.1972,  0.8604, -5.3155,  0.0000,  0.9091,  0.1493,  0.6777,
          0.5269, -0.2209,  0.1668,  0.8006, -5.3148,  0.0000,  0.8182,  0.1885,
          0.6168,  0.5627]], device='cuda:0')
tensor([[1]], device='cuda:0')
174
tensor([[-0.2542,  0.1615,  0.7749, -4.6276,  0.0000,  0.8182,  0.2727,  0.6396,
          0.6078, -0.2209,  0.1668,  0.8006, -5.3148,  0.0000,  0.8182,  0.1885,
          0.6168,  0.5627]], device='cuda:0')
tensor([[0]], device='cuda:0')
175
tensor([[-0.2247,  0.1662,  0.7977, -5.3148,  0.0000,  0.8182,  0.2162,  0.7487,
          0.6097, -0.2209,  0.1668,  0.8006, -5.3148,  0.0000,  0.8182,  0.1885,
          0.6168,  0.5627]], device='cuda:0')
tensor([[0]], device='cuda:0')
176
tensor([[-0.0818,  0.2109,  0.9202, -5.3142,  0.0000,  0.9091,  0.1834,  0.7310,
          0.4717, -0.2209,  0.1668,  0.8006, -5.3148,  0.0000,  0.8182,  0.1885,
          0.6168,  0.5627]], device='cuda:0')
tensor([[1]], device='cuda:0')
177
tensor([[-0.1694,  0.3515,  0.8433, -5.9364,  0.0000,  0.8182,  0.2600,  0.6320,
          0.6050, -0.2209,  0.1668,  0.8006, -5.3148,  0.0000,  0.8182,  0.1885,
          0.6168,  0.5627]], device='cuda:0')
tensor([[1]], device='cuda:0')
178
tensor([[-0.0547,  0.9489,  0.9487, -9.3297,  1.0000,  1.0000,  0.6603,  0.3934,
          0.5485, -0.2209,  0.1668,  0.8006, -5.3148,  0.0000,  0.8182,  0.1885,
          0.6168,  0.5627]], device='cuda:0')
tensor([[1]], device='cuda:0')
179
tensor([[-0.1922,  0.3432,  0.8234, -5.3169,  0.0000,  0.8182,  0.1760,  0.6320,
          0.5751, -0.2209,  0.1668,  0.8006, -5.3148,  0.0000,  0.8182,  0.1885,
          0.6168,  0.5627]], device='cuda:0')
tensor([[1]], device='cuda:0')
180
tensor([[-0.2430,  0.1633,  0.7835, -5.3148,  0.0000,  0.8182,  0.2720,  0.6599,
          0.5151, -0.2209,  0.1668,  0.8006, -5.3148,  0.0000,  0.8182,  0.1885,
          0.6168,  0.5627]], device='cuda:0')
tensor([[1]], device='cuda:0')
181
tensor([[-0.2284,  0.1656,  0.7949, -5.3155,  0.0000,  0.8182,  0.2222,  0.7513,
          0.6138, -0.2209,  0.1668,  0.8006, -5.3148,  0.0000,  0.8182,  0.1885,
          0.6168,  0.5627]], device='cuda:0')
tensor([[0]], device='cuda:0')
182
tensor([[-0.2099,  0.1686,  0.8091, -5.3011,  0.0000,  0.8182,  0.1770,  0.6142,
          0.5923, -0.2209,  0.1668,  0.8006, -5.3148,  0.0000,  0.8182,  0.1885,
          0.6168,  0.5627]], device='cuda:0')
tensor([[1]], device='cuda:0')
183
tensor([[-0.2281,  0.1656,  0.7949, -4.6276,  0.0000,  0.8182,  0.1647,  0.6294,
          0.4983, -0.2209,  0.1668,  0.8006, -5.3148,  0.0000,  0.8182,  0.1885,
          0.6168,  0.5627]], device='cuda:0')
tensor([[1]], device='cuda:0')
184
tensor([[-0.1173,  0.2037,  0.8889, -5.3148,  0.0000,  0.9091,  0.1685,  0.6904,
          0.5627, -0.2209,  0.1668,  0.8006, -5.3148,  0.0000,  0.8182,  0.1885,
          0.6168,  0.5627]], device='cuda:0')
tensor([[0]], device='cuda:0')
185
tensor([[-0.2028,  0.3396,  0.8148, -6.1827,  0.0000,  0.8182,  0.1587,  0.6371,
          0.6066, -0.2209,  0.1668,  0.8006, -5.3148,  0.0000,  0.8182,  0.1885,
          0.6168,  0.5627]], device='cuda:0')
tensor([[1]], device='cuda:0')
186
tensor([[-0.1042,  0.4127,  0.9003, -5.3169,  0.0000,  0.9091,  0.1606,  0.6929,
          0.5664, -0.2209,  0.1668,  0.8006, -5.3148,  0.0000,  0.8182,  0.1885,
          0.6168,  0.5627]], device='cuda:0')
tensor([[0]], device='cuda:0')
187
tensor([[-0.1540,  0.1965,  0.8575, -4.6234,  0.0000,  0.9091,  0.1561,  0.6802,
          0.5295, -0.2209,  0.1668,  0.8006, -5.3148,  0.0000,  0.8182,  0.1885,
          0.6168,  0.5627]], device='cuda:0')
tensor([[0]], device='cuda:0')
188
tensor([[-0.2247,  0.1662,  0.7977, -5.3148,  0.0000,  0.8182,  0.2162,  0.7487,
          0.6097, -0.2284,  0.1656,  0.7949, -5.3155,  0.0000,  0.8182,  0.2222,
          0.7513,  0.6138]], device='cuda:0')
tensor([[1]], device='cuda:0')
189
tensor([[-0.1506,  0.1972,  0.8604, -5.3155,  0.0000,  0.9091,  0.2706,  0.6447,
          0.6073, -0.2284,  0.1656,  0.7949, -5.3155,  0.0000,  0.8182,  0.2222,
          0.7513,  0.6138]], device='cuda:0')
tensor([[1]], device='cuda:0')
190
tensor([[-0.1173,  0.2037,  0.8889, -5.3148,  0.0000,  0.9091,  0.1685,  0.6904,
          0.5627, -0.2284,  0.1656,  0.7949, -5.3155,  0.0000,  0.8182,  0.2222,
          0.7513,  0.6138]], device='cuda:0')
tensor([[1]], device='cuda:0')
191
tensor([[-0.2542,  0.1615,  0.7749, -4.6276,  0.0000,  0.8182,  0.2727,  0.6396,
          0.6078, -0.2284,  0.1656,  0.7949, -5.3155,  0.0000,  0.8182,  0.2222,
          0.7513,  0.6138]], device='cuda:0')
tensor([[1]], device='cuda:0')
192
tensor([[-0.1042,  0.4127,  0.9003, -5.3169,  0.0000,  0.9091,  0.1606,  0.6929,
          0.5664, -0.2284,  0.1656,  0.7949, -5.3155,  0.0000,  0.8182,  0.2222,
          0.7513,  0.6138]], device='cuda:0')
tensor([[1]], device='cuda:0')
193
tensor([[-0.1540,  0.1965,  0.8575, -4.6234,  0.0000,  0.9091,  0.1561,  0.6802,
          0.5295, -0.2284,  0.1656,  0.7949, -5.3155,  0.0000,  0.8182,  0.2222,
          0.7513,  0.6138]], device='cuda:0')
tensor([[1]], device='cuda:0')
194
tensor([[-0.2247,  0.1662,  0.7977, -5.3148,  0.0000,  0.8182,  0.2162,  0.7487,
          0.6097, -0.1540,  0.1965,  0.8575, -4.6234,  0.0000,  0.9091,  0.1561,
          0.6802,  0.5295]], device='cuda:0')
tensor([[0]], device='cuda:0')
195
tensor([[-0.1506,  0.1972,  0.8604, -5.3155,  0.0000,  0.9091,  0.2706,  0.6447,
          0.6073, -0.1540,  0.1965,  0.8575, -4.6234,  0.0000,  0.9091,  0.1561,
          0.6802,  0.5295]], device='cuda:0')
tensor([[1]], device='cuda:0')
196
tensor([[-0.1173,  0.2037,  0.8889, -5.3148,  0.0000,  0.9091,  0.1685,  0.6904,
          0.5627, -0.1540,  0.1965,  0.8575, -4.6234,  0.0000,  0.9091,  0.1561,
          0.6802,  0.5295]], device='cuda:0')
tensor([[1]], device='cuda:0')
197
tensor([[-0.2542,  0.1615,  0.7749, -4.6276,  0.0000,  0.8182,  0.2727,  0.6396,
          0.6078, -0.1540,  0.1965,  0.8575, -4.6234,  0.0000,  0.9091,  0.1561,
          0.6802,  0.5295]], device='cuda:0')
tensor([[1]], device='cuda:0')
198
tensor([[-0.1042,  0.4127,  0.9003, -5.3169,  0.0000,  0.9091,  0.1606,  0.6929,
          0.5664, -0.1540,  0.1965,  0.8575, -4.6234,  0.0000,  0.9091,  0.1561,
          0.6802,  0.5295]], device='cuda:0')
tensor([[1]], device='cuda:0')
199
tensor([[-0.1506,  0.1972,  0.8604, -5.3155,  0.0000,  0.9091,  0.2706,  0.6447,
          0.6073, -0.1042,  0.4127,  0.9003, -5.3169,  0.0000,  0.9091,  0.1606,
          0.6929,  0.5664]], device='cuda:0')
tensor([[0]], device='cuda:0')
200
tensor([[-0.1173,  0.2037,  0.8889, -5.3148,  0.0000,  0.9091,  0.1685,  0.6904,
          0.5627, -0.1042,  0.4127,  0.9003, -5.3169,  0.0000,  0.9091,  0.1606,
          0.6929,  0.5664]], device='cuda:0')
tensor([[0]], device='cuda:0')
201
tensor([[-0.2542,  0.1615,  0.7749, -4.6276,  0.0000,  0.8182,  0.2727,  0.6396,
          0.6078, -0.1042,  0.4127,  0.9003, -5.3169,  0.0000,  0.9091,  0.1606,
          0.6929,  0.5664]], device='cuda:0')
tensor([[0]], device='cuda:0')
202
tensor([[-0.1173,  0.2037,  0.8889, -5.3148,  0.0000,  0.9091,  0.1685,  0.6904,
          0.5627, -0.1506,  0.1972,  0.8604, -5.3155,  0.0000,  0.9091,  0.2706,
          0.6447,  0.6073]], device='cuda:0')
tensor([[1]], device='cuda:0')
203
tensor([[-0.2542,  0.1615,  0.7749, -4.6276,  0.0000,  0.8182,  0.2727,  0.6396,
          0.6078, -0.1506,  0.1972,  0.8604, -5.3155,  0.0000,  0.9091,  0.2706,
          0.6447,  0.6073]], device='cuda:0')
tensor([[1]], device='cuda:0')
204
tensor([[-0.1173,  0.2037,  0.8889, -5.3148,  0.0000,  0.9091,  0.1685,  0.6904,
          0.5627, -0.2542,  0.1615,  0.7749, -4.6276,  0.0000,  0.8182,  0.2727,
          0.6396,  0.6078]], device='cuda:0')
tensor([[1]], device='cuda:0')
205
tensor([[-0.0449,  0.2393,  0.9573, -5.3128,  1.0000,  1.0000,  0.2016,  0.9543,
          0.6058, -0.2028,  0.3396,  0.8148, -6.1827,  0.0000,  0.8182,  0.1587,
          0.6371,  0.6066]], device='cuda:0')
tensor([[1]], device='cuda:0')
206
tensor([[-0.1506,  0.1972,  0.8604, -5.3155,  0.0000,  0.9091,  0.1493,  0.6777,
          0.5269, -0.2028,  0.3396,  0.8148, -6.1827,  0.0000,  0.8182,  0.1587,
          0.6371,  0.6066]], device='cuda:0')
tensor([[1]], device='cuda:0')
207
tensor([[-0.0818,  0.2109,  0.9202, -5.3142,  0.0000,  0.9091,  0.1834,  0.7310,
          0.4717, -0.2028,  0.3396,  0.8148, -6.1827,  0.0000,  0.8182,  0.1587,
          0.6371,  0.6066]], device='cuda:0')
tensor([[0]], device='cuda:0')
208
tensor([[-0.1694,  0.3515,  0.8433, -5.9364,  0.0000,  0.8182,  0.2600,  0.6320,
          0.6050, -0.2028,  0.3396,  0.8148, -6.1827,  0.0000,  0.8182,  0.1587,
          0.6371,  0.6066]], device='cuda:0')
tensor([[1]], device='cuda:0')
209
tensor([[-0.0547,  0.9489,  0.9487, -9.3297,  1.0000,  1.0000,  0.6603,  0.3934,
          0.5485, -0.2028,  0.3396,  0.8148, -6.1827,  0.0000,  0.8182,  0.1587,
          0.6371,  0.6066]], device='cuda:0')
tensor([[1]], device='cuda:0')
210
tensor([[-0.1922,  0.3432,  0.8234, -5.3169,  0.0000,  0.8182,  0.1760,  0.6320,
          0.5751, -0.2028,  0.3396,  0.8148, -6.1827,  0.0000,  0.8182,  0.1587,
          0.6371,  0.6066]], device='cuda:0')
tensor([[0]], device='cuda:0')
211
tensor([[-0.2430,  0.1633,  0.7835, -5.3148,  0.0000,  0.8182,  0.2720,  0.6599,
          0.5151, -0.2028,  0.3396,  0.8148, -6.1827,  0.0000,  0.8182,  0.1587,
          0.6371,  0.6066]], device='cuda:0')
tensor([[1]], device='cuda:0')
212
tensor([[-0.2099,  0.1686,  0.8091, -5.3011,  0.0000,  0.8182,  0.1770,  0.6142,
          0.5923, -0.2028,  0.3396,  0.8148, -6.1827,  0.0000,  0.8182,  0.1587,
          0.6371,  0.6066]], device='cuda:0')
tensor([[1]], device='cuda:0')
213
tensor([[-0.2281,  0.1656,  0.7949, -4.6276,  0.0000,  0.8182,  0.1647,  0.6294,
          0.4983, -0.2028,  0.3396,  0.8148, -6.1827,  0.0000,  0.8182,  0.1587,
          0.6371,  0.6066]], device='cuda:0')
tensor([[1]], device='cuda:0')
214
tensor([[-0.0818,  0.2109,  0.9202, -5.3142,  0.0000,  0.9091,  0.1834,  0.7310,
          0.4717, -0.1922,  0.3432,  0.8234, -5.3169,  0.0000,  0.8182,  0.1760,
          0.6320,  0.5751]], device='cuda:0')
tensor([[0]], device='cuda:0')
215
tensor([[-0.0449,  0.2393,  0.9573, -5.3128,  1.0000,  1.0000,  0.2016,  0.9543,
          0.6058, -0.2281,  0.1656,  0.7949, -4.6276,  0.0000,  0.8182,  0.1647,
          0.6294,  0.4983]], device='cuda:0')
tensor([[1]], device='cuda:0')
216
tensor([[-0.1506,  0.1972,  0.8604, -5.3155,  0.0000,  0.9091,  0.1493,  0.6777,
          0.5269, -0.2281,  0.1656,  0.7949, -4.6276,  0.0000,  0.8182,  0.1647,
          0.6294,  0.4983]], device='cuda:0')
tensor([[1]], device='cuda:0')
217
tensor([[-0.1694,  0.3515,  0.8433, -5.9364,  0.0000,  0.8182,  0.2600,  0.6320,
          0.6050, -0.2281,  0.1656,  0.7949, -4.6276,  0.0000,  0.8182,  0.1647,
          0.6294,  0.4983]], device='cuda:0')
tensor([[0]], device='cuda:0')
218
tensor([[-0.0547,  0.9489,  0.9487, -9.3297,  1.0000,  1.0000,  0.6603,  0.3934,
          0.5485, -0.2281,  0.1656,  0.7949, -4.6276,  0.0000,  0.8182,  0.1647,
          0.6294,  0.4983]], device='cuda:0')
tensor([[1]], device='cuda:0')
219
tensor([[-0.2430,  0.1633,  0.7835, -5.3148,  0.0000,  0.8182,  0.2720,  0.6599,
          0.5151, -0.2281,  0.1656,  0.7949, -4.6276,  0.0000,  0.8182,  0.1647,
          0.6294,  0.4983]], device='cuda:0')
tensor([[1]], device='cuda:0')
220
tensor([[-0.2099,  0.1686,  0.8091, -5.3011,  0.0000,  0.8182,  0.1770,  0.6142,
          0.5923, -0.2281,  0.1656,  0.7949, -4.6276,  0.0000,  0.8182,  0.1647,
          0.6294,  0.4983]], device='cuda:0')
tensor([[1]], device='cuda:0')
221
tensor([[-0.0449,  0.2393,  0.9573, -5.3128,  1.0000,  1.0000,  0.2016,  0.9543,
          0.6058, -0.2099,  0.1686,  0.8091, -5.3011,  0.0000,  0.8182,  0.1770,
          0.6142,  0.5923]], device='cuda:0')
tensor([[1]], device='cuda:0')
222
tensor([[-0.1506,  0.1972,  0.8604, -5.3155,  0.0000,  0.9091,  0.1493,  0.6777,
          0.5269, -0.2099,  0.1686,  0.8091, -5.3011,  0.0000,  0.8182,  0.1770,
          0.6142,  0.5923]], device='cuda:0')
tensor([[1]], device='cuda:0')
223
tensor([[-0.0547,  0.9489,  0.9487, -9.3297,  1.0000,  1.0000,  0.6603,  0.3934,
          0.5485, -0.2099,  0.1686,  0.8091, -5.3011,  0.0000,  0.8182,  0.1770,
          0.6142,  0.5923]], device='cuda:0')
tensor([[1]], device='cuda:0')
224
tensor([[-0.2430,  0.1633,  0.7835, -5.3148,  0.0000,  0.8182,  0.2720,  0.6599,
          0.5151, -0.2099,  0.1686,  0.8091, -5.3011,  0.0000,  0.8182,  0.1770,
          0.6142,  0.5923]], device='cuda:0')
tensor([[1]], device='cuda:0')
225
tensor([[-0.0449,  0.2393,  0.9573, -5.3128,  1.0000,  1.0000,  0.2016,  0.9543,
          0.6058, -0.2430,  0.1633,  0.7835, -5.3148,  0.0000,  0.8182,  0.2720,
          0.6599,  0.5151]], device='cuda:0')
tensor([[1]], device='cuda:0')
226
tensor([[-0.1506,  0.1972,  0.8604, -5.3155,  0.0000,  0.9091,  0.1493,  0.6777,
          0.5269, -0.2430,  0.1633,  0.7835, -5.3148,  0.0000,  0.8182,  0.2720,
          0.6599,  0.5151]], device='cuda:0')
tensor([[1]], device='cuda:0')
227
tensor([[-0.0547,  0.9489,  0.9487, -9.3297,  1.0000,  1.0000,  0.6603,  0.3934,
          0.5485, -0.2430,  0.1633,  0.7835, -5.3148,  0.0000,  0.8182,  0.2720,
          0.6599,  0.5151]], device='cuda:0')
tensor([[1]], device='cuda:0')
228
tensor([[-0.0449,  0.2393,  0.9573, -5.3128,  1.0000,  1.0000,  0.2016,  0.9543,
          0.6058, -0.0547,  0.9489,  0.9487, -9.3297,  1.0000,  1.0000,  0.6603,
          0.3934,  0.5485]], device='cuda:0')
tensor([[0]], device='cuda:0')
229
tensor([[-0.1506,  0.1972,  0.8604, -5.3155,  0.0000,  0.9091,  0.1493,  0.6777,
          0.5269, -0.0547,  0.9489,  0.9487, -9.3297,  1.0000,  1.0000,  0.6603,
          0.3934,  0.5485]], device='cuda:0')
tensor([[0]], device='cuda:0')
230
tensor([[-0.1506,  0.1972,  0.8604, -5.3155,  0.0000,  0.9091,  0.1493,  0.6777,
          0.5269, -0.0449,  0.2393,  0.9573, -5.3128,  1.0000,  1.0000,  0.2016,
          0.9543,  0.6058]], device='cuda:0')
tensor([[0]], device='cuda:0')
231
tensor([[-2.3534e+00,  4.0260e-03,  9.6866e-02, -5.3114e+00,  1.0000e+00,
          9.0909e-02,  1.4286e-01,  1.5228e-02,  9.9266e-02, -4.4903e-01,
          4.2227e-01,  6.3248e-01, -8.1220e+00,  1.0000e+00,  6.3636e-01,
          1.7647e-01,  4.2893e-01,  3.9059e-01]], device='cuda:0')
tensor([[1]], device='cuda:0')
232
tensor([[-1.2506,  0.0487,  0.2906, -5.3162,  1.0000,  0.2727,  0.1235,  0.2030,
          0.4983, -0.4490,  0.4223,  0.6325, -8.1220,  1.0000,  0.6364,  0.1765,
          0.4289,  0.3906]], device='cuda:0')
tensor([[1]], device='cuda:0')
233
tensor([[-1.4531,  0.0785,  0.2336, -5.3316,  0.0000,  0.2727,  0.0575,  0.2183,
          0.3494, -0.4490,  0.4223,  0.6325, -8.1220,  1.0000,  0.6364,  0.1765,
          0.4289,  0.3906]], device='cuda:0')
tensor([[1]], device='cuda:0')
234
tensor([[-1.4285,  0.0200,  0.2393, -5.3155,  1.0000,  0.2727,  0.1765,  0.1269,
          0.3332, -0.4490,  0.4223,  0.6325, -8.1220,  1.0000,  0.6364,  0.1765,
          0.4289,  0.3906]], device='cuda:0')
tensor([[1]], device='cuda:0')
235
tensor([[-2.3238,  0.0084,  0.0997, -5.3169,  1.0000,  0.0909,  0.3636,  0.0254,
          0.1318, -0.4490,  0.4223,  0.6325, -8.1220,  1.0000,  0.6364,  0.1765,
          0.4289,  0.3906]], device='cuda:0')
tensor([[1]], device='cuda:0')
236
tensor([[-0.7310,  0.0596,  0.4758, -5.3155,  1.0000,  0.4545,  0.1587,  0.3173,
          0.3090, -0.4490,  0.4223,  0.6325, -8.1220,  1.0000,  0.6364,  0.1765,
          0.4289,  0.3906]], device='cuda:0')
tensor([[1]], device='cuda:0')
237
tensor([[-1.2608,  0.0482,  0.2877, -5.3617,  1.0000,  0.2727,  0.1771,  0.2411,
          0.5663, -0.4490,  0.4223,  0.6325, -8.1220,  1.0000,  0.6364,  0.1765,
          0.4289,  0.3906]], device='cuda:0')
tensor([[1]], device='cuda:0')
238
tensor([[-1.9573,  0.0120,  0.1425, -5.3218,  0.0000,  0.0909,  0.0536,  0.1396,
          0.3926, -0.4490,  0.4223,  0.6325, -8.1220,  1.0000,  0.6364,  0.1765,
          0.4289,  0.3906]], device='cuda:0')
tensor([[1]], device='cuda:0')
239
tensor([[-2.3534e+00,  4.0260e-03,  9.6866e-02, -5.3114e+00,  1.0000e+00,
          9.0909e-02,  1.4286e-01,  1.5228e-02,  9.9266e-02, -1.9573e+00,
          1.1958e-02,  1.4245e-01, -5.3218e+00,  0.0000e+00,  9.0909e-02,
          5.3571e-02,  1.3959e-01,  3.9265e-01]], device='cuda:0')
tensor([[1]], device='cuda:0')
240
tensor([[-1.2506,  0.0487,  0.2906, -5.3162,  1.0000,  0.2727,  0.1235,  0.2030,
          0.4983, -1.9573,  0.0120,  0.1425, -5.3218,  0.0000,  0.0909,  0.0536,
          0.1396,  0.3926]], device='cuda:0')
tensor([[1]], device='cuda:0')
241
tensor([[-1.4531,  0.0785,  0.2336, -5.3316,  0.0000,  0.2727,  0.0575,  0.2183,
          0.3494, -1.9573,  0.0120,  0.1425, -5.3218,  0.0000,  0.0909,  0.0536,
          0.1396,  0.3926]], device='cuda:0')
tensor([[1]], device='cuda:0')
242
tensor([[-1.4285,  0.0200,  0.2393, -5.3155,  1.0000,  0.2727,  0.1765,  0.1269,
          0.3332, -1.9573,  0.0120,  0.1425, -5.3218,  0.0000,  0.0909,  0.0536,
          0.1396,  0.3926]], device='cuda:0')
tensor([[1]], device='cuda:0')
243
tensor([[-2.3238,  0.0084,  0.0997, -5.3169,  1.0000,  0.0909,  0.3636,  0.0254,
          0.1318, -1.9573,  0.0120,  0.1425, -5.3218,  0.0000,  0.0909,  0.0536,
          0.1396,  0.3926]], device='cuda:0')
tensor([[1]], device='cuda:0')
244
tensor([[-0.7310,  0.0596,  0.4758, -5.3155,  1.0000,  0.4545,  0.1587,  0.3173,
          0.3090, -1.9573,  0.0120,  0.1425, -5.3218,  0.0000,  0.0909,  0.0536,
          0.1396,  0.3926]], device='cuda:0')
tensor([[1]], device='cuda:0')
245
tensor([[-1.2608,  0.0482,  0.2877, -5.3617,  1.0000,  0.2727,  0.1771,  0.2411,
          0.5663, -1.9573,  0.0120,  0.1425, -5.3218,  0.0000,  0.0909,  0.0536,
          0.1396,  0.3926]], device='cuda:0')
tensor([[1]], device='cuda:0')
246
tensor([[-2.3534e+00,  4.0260e-03,  9.6866e-02, -5.3114e+00,  1.0000e+00,
          9.0909e-02,  1.4286e-01,  1.5228e-02,  9.9266e-02, -1.2608e+00,
          4.8187e-02,  2.8775e-01, -5.3617e+00,  1.0000e+00,  2.7273e-01,
          1.7708e-01,  2.4112e-01,  5.6629e-01]], device='cuda:0')
tensor([[1]], device='cuda:0')
247
tensor([[-1.2506,  0.0487,  0.2906, -5.3162,  1.0000,  0.2727,  0.1235,  0.2030,
          0.4983, -1.2608,  0.0482,  0.2877, -5.3617,  1.0000,  0.2727,  0.1771,
          0.2411,  0.5663]], device='cuda:0')
tensor([[1]], device='cuda:0')
248
tensor([[-1.4531,  0.0785,  0.2336, -5.3316,  0.0000,  0.2727,  0.0575,  0.2183,
          0.3494, -1.2608,  0.0482,  0.2877, -5.3617,  1.0000,  0.2727,  0.1771,
          0.2411,  0.5663]], device='cuda:0')
tensor([[1]], device='cuda:0')
249
tensor([[-1.4285,  0.0200,  0.2393, -5.3155,  1.0000,  0.2727,  0.1765,  0.1269,
          0.3332, -1.2608,  0.0482,  0.2877, -5.3617,  1.0000,  0.2727,  0.1771,
          0.2411,  0.5663]], device='cuda:0')
tensor([[1]], device='cuda:0')
250
tensor([[-2.3238,  0.0084,  0.0997, -5.3169,  1.0000,  0.0909,  0.3636,  0.0254,
          0.1318, -1.2608,  0.0482,  0.2877, -5.3617,  1.0000,  0.2727,  0.1771,
          0.2411,  0.5663]], device='cuda:0')
tensor([[1]], device='cuda:0')
251
tensor([[-0.7310,  0.0596,  0.4758, -5.3155,  1.0000,  0.4545,  0.1587,  0.3173,
          0.3090, -1.2608,  0.0482,  0.2877, -5.3617,  1.0000,  0.2727,  0.1771,
          0.2411,  0.5663]], device='cuda:0')
tensor([[1]], device='cuda:0')
252
tensor([[-2.3534e+00,  4.0260e-03,  9.6866e-02, -5.3114e+00,  1.0000e+00,
          9.0909e-02,  1.4286e-01,  1.5228e-02,  9.9266e-02, -7.3096e-01,
          5.9552e-02,  4.7578e-01, -5.3155e+00,  1.0000e+00,  4.5455e-01,
          1.5873e-01,  3.1726e-01,  3.0901e-01]], device='cuda:0')
tensor([[1]], device='cuda:0')
253
tensor([[-1.2506,  0.0487,  0.2906, -5.3162,  1.0000,  0.2727,  0.1235,  0.2030,
          0.4983, -0.7310,  0.0596,  0.4758, -5.3155,  1.0000,  0.4545,  0.1587,
          0.3173,  0.3090]], device='cuda:0')
tensor([[1]], device='cuda:0')
254
tensor([[-1.4531,  0.0785,  0.2336, -5.3316,  0.0000,  0.2727,  0.0575,  0.2183,
          0.3494, -0.7310,  0.0596,  0.4758, -5.3155,  1.0000,  0.4545,  0.1587,
          0.3173,  0.3090]], device='cuda:0')
tensor([[0]], device='cuda:0')
255
tensor([[-1.4285,  0.0200,  0.2393, -5.3155,  1.0000,  0.2727,  0.1765,  0.1269,
          0.3332, -0.7310,  0.0596,  0.4758, -5.3155,  1.0000,  0.4545,  0.1587,
          0.3173,  0.3090]], device='cuda:0')
tensor([[1]], device='cuda:0')
256
tensor([[-2.3238,  0.0084,  0.0997, -5.3169,  1.0000,  0.0909,  0.3636,  0.0254,
          0.1318, -0.7310,  0.0596,  0.4758, -5.3155,  1.0000,  0.4545,  0.1587,
          0.3173,  0.3090]], device='cuda:0')
tensor([[1]], device='cuda:0')
257
tensor([[-2.3534e+00,  4.0260e-03,  9.6866e-02, -5.3114e+00,  1.0000e+00,
          9.0909e-02,  1.4286e-01,  1.5228e-02,  9.9266e-02, -2.3238e+00,
          8.4067e-03,  9.9715e-02, -5.3169e+00,  1.0000e+00,  9.0909e-02,
          3.6364e-01,  2.5381e-02,  1.3183e-01]], device='cuda:0')
tensor([[1]], device='cuda:0')
258
tensor([[-1.2506,  0.0487,  0.2906, -5.3162,  1.0000,  0.2727,  0.1235,  0.2030,
          0.4983, -2.3238,  0.0084,  0.0997, -5.3169,  1.0000,  0.0909,  0.3636,
          0.0254,  0.1318]], device='cuda:0')
tensor([[0]], device='cuda:0')
259
tensor([[-1.4285,  0.0200,  0.2393, -5.3155,  1.0000,  0.2727,  0.1765,  0.1269,
          0.3332, -2.3238,  0.0084,  0.0997, -5.3169,  1.0000,  0.0909,  0.3636,
          0.0254,  0.1318]], device='cuda:0')
tensor([[1]], device='cuda:0')
260
tensor([[-2.3534e+00,  4.0260e-03,  9.6866e-02, -5.3114e+00,  1.0000e+00,
          9.0909e-02,  1.4286e-01,  1.5228e-02,  9.9266e-02, -1.4285e+00,
          2.0010e-02,  2.3932e-01, -5.3155e+00,  1.0000e+00,  2.7273e-01,
          1.7647e-01,  1.2690e-01,  3.3317e-01]], device='cuda:0')
tensor([[1]], device='cuda:0')
261
